msi.gama.models/models/Features/Data Importation/includes/mnt.asc
ncols        54
nrows        58
xllcorner    1210875.000000000000
yllcorner    6074875.000000000000
cellsize     250.000000000000
NODATA_value  -99999
[rows 0 to 18 of 58, columns 0 to 42 of 54]
700.02001953125 728.83001708984375 776.8499755859375 730.80999755859375 753.5999755859375 754.94000244140625 694.71002197265625 681.40997314453125 664.6500244140625 666.030029296875 684.33001708984375 709.530029296875 728.17999267578125 716.69000244140625 673.46002197265625 617.1099853515625 632.8599853515625 746.3599853515625 775.21002197265625 716.92999267578125 593.3499755859375 703.92999267578125 796.66998291015625 856.0999755859375 881.010009765625 910.8599853515625 1059.5899658203125 1161.3800048828125 1214.47998046875 1227.239990234375 1292.0699462890625 1355.449951171875 1250.3399658203125 1135.050048828125 1116.219970703125 1181.22998046875 1192.02001953125 1161.22998046875 1092.5400390625 1006.75 968.58001708984375 1032.510009765625 1104.8299560546875
713.04998779296875 748.510009765625 835.16998291015625 794.6300048828125 763.719970703125 707.239990234375 676.3800048828125 671 674.3499755859375 717.29998779296875 731.510009765625 723.1400146484375 734.1099853515625 731.47998046875 684.47998046875 577.22998046875 605.3900146484375 717.42999267578125 675.28997802734375 594.219970703125 630.78997802734375 718.1199951171875 831.5999755859375 802.02001953125 827.1500244140625 923.67999267578125 1075.530029296875 1120.8900146484375 1138.8399658203125 1165.4300537109375 1270.1800537109375 1273.06005859375 1188.780029296875 1067.3699951171875 1062.7099609375 1159.550048828125 1173.1700439453125 1135.699951171875 1024.550048828125 970.04998779296875 914.78997802734375 945.8900146484375 980.57000732421875
729.91998291015625 776.469970703125 801.58001708984375 794.5999755859375 748.03997802734375 672.530029296875 667.45001220703125 655.0999755859375 677.15997314453125 743.55999755859375 750.260009765625 777.84002685546875 724.47998046875 709.44000244140625 625.75 553.83001708984375 587.5999755859375 590.71002197265625 549.57000732421875 554.94000244140625 664.260009765625 762.40997314453125 757.5 719.78997802734375 829.989990234375 965.80999755859375 967.71002197265625 1083.1800537109375 1073.949951171875 1112.0999755859375 1240 1225.2099609375 1195.3299560546875 1039.72998046875 1009.92999267578125 1148.68994140625 1204.27001953125 1144.550048828125 1043.3800048828125 956.44000244140625 896.760009765625 897.75 896.40997314453125
758.5999755859375 713.70001220703125 741.1300048828125 743.29998779296875 678.4000244140625 659.69000244140625 649.6199951171875 658.739990234375 701.489990234375 719.67999267578125 727.09002685546875 752.1099853515625 699.469970703125 664.72998046875 570.22998046875 536.33001708984375 522.3599853515625 505.05999755859375 506.920013427734375 587.9000244140625 710.219970703125 677.57000732421875 644.8699951171875 748.21002197265625 823.5999755859375 880.84002685546875 964.780029296875 988.45001220703125 1016.739990234375 1094.97998046875 1140.9100341796875 1171.449951171875 1105.8699951171875 984.8900146484375 951.78997802734375 1085.3499755859375 1143.1099853515625 1119.739990234375 1044.4599609375 917.77001953125 851.70001220703125 839.96002197265625 862.760009765625
733.91998291015625 692.6099853515625 693.4000244140625 682.3800048828125 651.6400146484375 646.67999267578125 641.489990234375 652.47998046875 693.40997314453125 642.41998291015625 664.54998779296875 680.96002197265625 648.6300048828125 570.42999267578125 499.470001220703125 501.19000244140625 484.170013427734375 478.45001220703125 510.489990234375 602.66998291015625 643.97998046875 612.3900146484375 698.47998046875 701.55999755859375 833.5999755859375 916.1300048828125 955.05999755859375 1005.15997314453125 1034.06005859375 1065.9200439453125 1132.5899658203125 1146.1600341796875 1067.780029296875 919.16998291015625 878.8599853515625 950.969970703125 997.3900146484375 1103.9200439453125 1059.739990234375 880.8499755859375 754.70001220703125 811.59002685546875 857.9000244140625
699.66998291015625 658.3800048828125 663.54998779296875 670.17999267578125 638.6400146484375 634.91998291015625 638.4000244140625 651.030029296875 642.20001220703125 589.530029296875 621.530029296875 599.03997802734375 555.3800048828125 486.94000244140625 456.29998779296875 478.3699951171875 467.230010986328125 478.19000244140625 478.910003662109375 564.71002197265625 583.5999755859375 651.65997314453125 759.28997802734375 733.28997802734375 843.239990234375 916.0999755859375 957.05999755859375 1020.8499755859375 1039.719970703125 1086.9100341796875 1093.8900146484375 1108.1600341796875 1041.8699951171875 920.29998779296875 803.41998291015625 829.969970703125 963.65997314453125 1063.77001953125 1053.5400390625 932.41998291015625 733.8800048828125 723.1199951171875 817.010009765625
681.260009765625 649.6300048828125 634.71002197265625 635.66998291015625 636.15997314453125 644.70001220703125 645.44000244140625 639.239990234375 602.77001953125 523.28997802734375 583.65997314453125 530.66998291015625 494.04998779296875 447.899993896484375 507.92999267578125 491.3900146484375 455.04998779296875 496.029998779296875 534.82000732421875 517.739990234375 595.02001953125 707.760009765625 781.04998779296875 776.20001220703125 849.0999755859375 934.6300048828125 963.47998046875 1030.81005859375 1032.31005859375 1085.3499755859375 1055.72998046875 1040.8299560546875 979.32000732421875 884.44000244140625 798.54998779296875 806.03997802734375 923.34002685546875 997.03997802734375 978.65997314453125 939.489990234375 755.07000732421875 641.4000244140625 770.54998779296875
722.239990234375 693.280029296875 650.16998291015625 629.780029296875 634.8499755859375 641.30999755859375 647.719970703125 602.95001220703125 539.530029296875 495.010009765625 547.78997802734375 448.79998779296875 444.600006103515625 458.3900146484375 503.1300048828125 463.94000244140625 466.709991455078125 532.66998291015625 590.3599853515625 632.219970703125 696.510009765625 753.47998046875 801.969970703125 814.6500244140625 889.75 952.489990234375 979.91998291015625 995.72998046875 1002.010009765625 1055.2900390625 1020.33001708984375 983.489990234375 867.82000732421875 780.3800048828125 704.8699951171875 788.3499755859375 858.52001953125 924.20001220703125 884.94000244140625 996.52001953125 848.530029296875 681.489990234375 557.6300048828125
680.6199951171875 676.91998291015625 613.95001220703125 657.70001220703125 642.17999267578125 644.510009765625 634.8900146484375 572.30999755859375 489.290008544921875 467.989990234375 454.8800048828125 453.160003662109375 409.1099853515625 470.769989013671875 460.5 421.29998779296875 451.3599853515625 483.29998779296875 553.530029296875 668.6099853515625 766.70001220703125 801.6300048828125 840.91998291015625 871.54998779296875 925.16998291015625 949.5999755859375 994.55999755859375 991.17999267578125 979.25 1035.6099853515625 965.83001708984375 912.58001708984375 835.1300048828125 688.92999267578125 698.32000732421875 832.75 882.33001708984375 861.25 748.21002197265625 863.969970703125 836.1300048828125 710.15997314453125 497.089996337890625
625.530029296875 619.05999755859375 666.52001953125 704.1500244140625 669.15997314453125 655.27001953125 630.02001953125 562.20001220703125 466.480010986328125 471.959991455078125 445.019989013671875 397.649993896484375 407.790008544921875 412.8800048828125 424.420013427734375 483.3699951171875 483.489990234375 580.1099853515625 623.3599853515625 657.16998291015625 767.8900146484375 846.1300048828125 882.21002197265625 921.45001220703125 1007.489990234375 1012.1199951171875 1023.09002685546875 989.5 966.15997314453125 1007.6300048828125 955.80999755859375 888.53997802734375 782.65997314453125 742.1500244140625 609.71002197265625 835.469970703125 838.8599853515625 707.5999755859375 599.5999755859375 781.91998291015625 737.78997802734375 665.30999755859375 505.05999755859375
597.0999755859375 620.8499755859375 656.82000732421875 710.59002685546875 734.3499755859375 676.17999267578125 673.52001953125 578.8900146484375 489.529998779296875 490.589996337890625 444.790008544921875 419.220001220703125 399.80999755859375 418.709991455078125 503.920013427734375 552.80999755859375 545.44000244140625 600.4000244140625 694.1400146484375 759.469970703125 783.95001220703125 826.719970703125 881.3499755859375 961.84002685546875 1094.5400390625 1101.9100341796875 1096.5799560546875 995.03997802734375 949.71002197265625 967.3699951171875 934.30999755859375 911.510009765625 896.3599853515625 714.260009765625 597.84002685546875 752.09002685546875 687.59002685546875 590.4000244140625 550.34002685546875 676.02001953125 640.82000732421875 631.9000244140625 465.6300048828125
540.53997802734375 670.1500244140625 719.1500244140625 777.3699951171875 768.3599853515625 680.719970703125 599.27001953125 566.07000732421875 528.3599853515625 512.739990234375 459.79998779296875 381.1300048828125 457.420013427734375 468.790008544921875 495.089996337890625 527.09002685546875 556.469970703125 652.1099853515625 703.84002685546875 734.08001708984375 826.969970703125 864.260009765625 934.25 1062 1154.550048828125 1123.6600341796875 1044.7900390625 997.91998291015625 942.510009765625 968.510009765625 970.34002685546875 988.3900146484375 825.9000244140625 672.8699951171875 540.66998291015625 653.489990234375 604.45001220703125 509.3900146484375 471.290008544921875 489.29998779296875 575.6300048828125 595.32000732421875 533.29998779296875
513.5 635.41998291015625 727.8699951171875 769.4000244140625 802.05999755859375 708.16998291015625 607.77001953125 499.329986572265625 537.3599853515625 497.239990234375 451.79998779296875 395.579986572265625 514.1099853515625 534.69000244140625 502.69000244140625 579.15997314453125 623.3699951171875 678 744.83001708984375 759.19000244140625 838.75 928.94000244140625 1101.3800048828125 1115.43994140625 1113.5400390625 1081.010009765625 966.75 940.71002197265625 944.6500244140625 973.75 998.55999755859375 952.219970703125 819.8699951171875 695.989990234375 543.8900146484375 535.70001220703125 522.6300048828125 436.80999755859375 416.170013427734375 395.519989013671875 501.040008544921875 508.29998779296875 453.19000244140625
499.480010986328125 574.22998046875 610.66998291015625 674.59002685546875 724.260009765625 604.25 535.90997314453125 449.67999267578125 473.459991455078125 435.649993896484375 416.010009765625 415.6199951171875 548.489990234375 614.66998291015625 575.96002197265625 641.45001220703125 699.80999755859375 721.3800048828125 757.83001708984375 834.6099853515625 889.16998291015625 967.22998046875 1047.8199462890625 1048.68994140625 1029.010009765625 983.6300048828125 933.97998046875 934.1099853515625 983.739990234375 1015.59002685546875 1010.9000244140625 952.27001953125 801.5 695.280029296875 535.34002685546875 459.57000732421875 407.279998779296875 453.1199951171875 391.230010986328125 356.089996337890625 483.44000244140625 430.329986572265625 340.57000732421875
496.44000244140625 516.1500244140625 569.4000244140625 590.530029296875 627.260009765625 501.959991455078125 442.8900146484375 412.920013427734375 426.279998779296875 395.589996337890625 384.670013427734375 465.579986572265625 554.1500244140625 580.08001708984375 655.66998291015625 725.80999755859375 776.07000732421875 811.22998046875 830.8800048828125 835.760009765625 931.510009765625 1102.9000244140625 989.760009765625 988.1099853515625 964.1300048828125 931.510009765625 928.3499755859375 956.3499755859375 1008.16998291015625 1020.02001953125 995.1500244140625 928.3800048828125 869.07000732421875 715.83001708984375 587.1400146484375 500.8800048828125 535.8800048828125 454.3900146484375 334.82000732421875 345.3599853515625 428.910003662109375 340.600006103515625 270.67999267578125
521.92999267578125 450.730010986328125 466.660003662109375 465.399993896484375 516.8900146484375 440.44000244140625 381.600006103515625 374.149993896484375 350.239990234375 403.489990234375 430.54998779296875 440.649993896484375 481.519989013671875 544.08001708984375 624.07000732421875 721.1300048828125 802.1400146484375 860.77001953125 896.69000244140625 927.3900146484375 983.0999755859375 1035.989990234375 939.6199951171875 938.71002197265625 921.510009765625 930.20001220703125 908.1500244140625 918.17999267578125 961.80999755859375 982.96002197265625 860.5999755859375 744.260009765625 712.719970703125 641.780029296875 619.72998046875 562.20001220703125 518.34002685546875 455.269989013671875 357 359.769989013671875 312.399993896484375 267.209991455078125 223.44000244140625
397.489990234375 361.079986572265625 352.660003662109375 393.600006103515625 422.839996337890625 407.19000244140625 346.410003662109375 373.829986572265625 435.350006103515625 476.04998779296875 423.44000244140625 452.1099853515625 487.07000732421875 598.65997314453125 692.6199951171875 755.469970703125 809.0999755859375 868.69000244140625 937.19000244140625 972.02001953125 1017.28997802734375 952.47998046875 927.65997314453125 928.5 934.96002197265625 920.260009765625 886.3599853515625 894.3900146484375 919.4000244140625 922.70001220703125 810.32000732421875 652.77001953125 547.8599853515625 497.6300048828125 503.1099853515625 479.959991455078125 451.19000244140625 417.69000244140625 316.959991455078125 270.8599853515625 309.6099853515625 271.040008544921875 264.339996337890625
310.44000244140625 280.04998779296875 309.160003662109375 323.1400146484375 369.269989013671875 311.25 399.829986572265625 401.8900146484375 426.220001220703125 499.29998779296875 500.6199951171875 507.660003662109375 546.41998291015625 629.19000244140625 720.1500244140625 790.21002197265625 824.55999755859375 919.65997314453125 947.59002685546875 970.09002685546875 980.1300048828125 952.0999755859375 944.83001708984375 958.09002685546875 957.3900146484375 915.8900146484375 884.09002685546875 867.219970703125 895.3699951171875 890.41998291015625 752.97998046875 604.16998291015625 464.54998779296875 429.269989013671875 429.1199951171875 405.959991455078125 369.920013427734375 329.55999755859375 298.329986572265625 397.089996337890625 304.100006103515625 266.589996337890625 343.230010986328125
248.19000244140625 280.670013427734375 286.779998779296875 323.779998779296875 329.470001220703125 399.79998779296875 469.970001220703125 460.730010986328125 413.489990234375 507.829986572265625 567.57000732421875 586.5999755859375 573.52001953125 650.3599853515625 683.27001953125 718.52001953125 827.22998046875 842.6300048828125 834.5 880.32000732421875 973.20001220703125 999 992.77001953125 986.66998291015625 965.44000244140625 936.719970703125 896.72998046875 878.04998779296875 884.42999267578125 870.9000244140625 736.1400146484375 621.84002685546875 562.03997802734375 501.790008544921875 445.260009765625 398.670013427734375 326.05999755859375 301.269989013671875 382.209991455078125 447.8599853515625 304.25 394.730010986328125 417.220001220703125
