msi.gama.models/models/Features/Data Importation/includes/mnt.asc
ncols        54
nrows        58
xllcorner    1210875.000000000000
yllcorner    6074875.000000000000
cellsize     250.000000000000
NODATA_value  -99999
[rows 19 to 37 of 58, columns 0 to 42 of 54]
259.959991455078125 297.790008544921875 350.279998779296875 362.980010986328125 365.05999755859375 447.589996337890625 509.339996337890625 556.84002685546875 452.899993896484375 447.54998779296875 539.719970703125 592.8699951171875 623.1500244140625 674.760009765625 720.03997802734375 734.8900146484375 730.44000244140625 770.53997802734375 798.17999267578125 884.9000244140625 985.280029296875 1069.6199951171875 1083.93994140625 1028.6700439453125 999.84002685546875 943.1500244140625 897.20001220703125 899.5999755859375 878.760009765625 826.489990234375 703.8900146484375 698.6099853515625 654.59002685546875 551.5 439.3599853515625 377.540008544921875 431.670013427734375 353.720001220703125 464.3599853515625 490.8699951171875 329.589996337890625 384.019989013671875 515.59002685546875
290.329986572265625 337.399993896484375 400.6400146484375 424.019989013671875 463.019989013671875 468.1300048828125 543.97998046875 534.719970703125 496.75 514.34002685546875 504.8699951171875 561.989990234375 623.219970703125 702.4000244140625 729.969970703125 777.760009765625 796.34002685546875 846.3800048828125 856.8599853515625 968.09002685546875 1026.7900390625 1116.780029296875 1141.489990234375 1084.0799560546875 1009.03997802734375 955.03997802734375 952.969970703125 927.3699951171875 910.66998291015625 914.29998779296875 867.739990234375 782.32000732421875 607.010009765625 474.910003662109375 458.089996337890625 553.97998046875 441.269989013671875 384.29998779296875 475.260009765625 477.82000732421875 388.3800048828125 473.720001220703125 580.97998046875
316.57000732421875 348.54998779296875 391.649993896484375 462 477.8800048828125 511.529998779296875 585.82000732421875 558.70001220703125 564.6400146484375 560.469970703125 536.469970703125 548.66998291015625 597.70001220703125 648.19000244140625 710.9000244140625 807.02001953125 884.1300048828125 945.6199951171875 924.02001953125 1006.53997802734375 1133.06005859375 1158.0400390625 1160.27001953125 1134.5899658203125 1053.469970703125 1037.6700439453125 966.239990234375 927.239990234375 918.02001953125 933.59002685546875 900 738.8900146484375 606 609.78997802734375 555.94000244140625 615.760009765625 433.30999755859375 448.8599853515625 528.66998291015625 441.410003662109375 439.709991455078125 624.84002685546875 603.3699951171875
340.579986572265625 354.92999267578125 415.8599853515625 474.149993896484375 522.90997314453125 541.07000732421875 556.3599853515625 599.04998779296875 631.71002197265625 640.28997802734375 604.20001220703125 607.53997802734375 646.83001708984375 734.90997314453125 802.510009765625 897.1199951171875 991.19000244140625 1003.780029296875 1052.739990234375 1089.7900390625 1126.25 1141.81005859375 1183.02001953125 1148.969970703125 1080.6300048828125 1018.8900146484375 966.15997314453125 951.59002685546875 927.42999267578125 943.52001953125 818.17999267578125 719.92999267578125 676.17999267578125 725.969970703125 653.90997314453125 633.969970703125 489.010009765625 472.040008544921875 574.16998291015625 568.469970703125 512.40997314453125 632.94000244140625 738.489990234375
383.220001220703125 432.92999267578125 433.92999267578125 532.96002197265625 566.59002685546875 536.65997314453125 566.32000732421875 609.15997314453125 682.52001953125 707.15997314453125 654.8800048828125 629.219970703125 740.760009765625 828.969970703125 897.71002197265625 963.19000244140625 1018.65997314453125 1070.0799560546875 1062.6400146484375 1103.3900146484375 1127.219970703125 1166.199951171875 1184.1700439453125 1128.9000244140625 1100.550048828125 1059.969970703125 962.8499755859375 933.22998046875 954.72998046875 968.530029296875 934.04998779296875 880.1400146484375 859.65997314453125 740.46002197265625 639.1500244140625 555.760009765625 508.82000732421875 590.20001220703125 665.82000732421875 672.1099853515625 630.82000732421875 635.27001953125 770.20001220703125
435.32000732421875 490.769989013671875 427.5 519.510009765625 554.44000244140625 556.239990234375 595.489990234375 643.53997802734375 731 771.6400146484375 714.46002197265625 703.6400146484375 794.760009765625 918.34002685546875 958.84002685546875 972.1400146484375 1017.3699951171875 1053.8800048828125 1069.8299560546875 1090.81005859375 1078.02001953125 1063.1400146484375 1064.8199462890625 1032.2099609375 1043.31005859375 986.54998779296875 949.72998046875 949.82000732421875 983.83001708984375 994.989990234375 1010.53997802734375 958.530029296875 850.47998046875 747.17999267578125 646.8900146484375 559.04998779296875 611.71002197265625 643.1199951171875 779.28997802734375 767.0999755859375 712.82000732421875 693.03997802734375 764.9000244140625
522.82000732421875 495.94000244140625 452.769989013671875 507.20001220703125 561.47998046875 579.25 603.42999267578125 684.739990234375 738.97998046875 820.760009765625 814.3900146484375 746.94000244140625 869.08001708984375 962.67999267578125 1006.30999755859375 1012.19000244140625 1034.18994140625 1063.530029296875 1059.77001953125 1056.4200439453125 1027.81005859375 1000.77001953125 966.75 954.94000244140625 949.29998779296875 953.65997314453125 961.27001953125 967.32000732421875 1042.300048828125 986.84002685546875 924.04998779296875 867.91998291015625 822.3900146484375 767.030029296875 655.04998779296875 680.29998779296875 727.17999267578125 750.65997314453125 843.6300048828125 852.1300048828125 788.29998779296875 748.42999267578125 677.989990234375
565.22998046875 520.97998046875 494.579986572265625 491.1400146484375 538.15997314453125 584.72998046875 686.05999755859375 749.1199951171875 820.67999267578125 865.8900146484375 881.65997314453125 804.46002197265625 899.02001953125 1029.760009765625 1080.31005859375 1075.9200439453125 1065.989990234375 1059.4000244140625 1040.75 1015.9000244140625 994.96002197265625 986.010009765625 957.08001708984375 949.25 949.44000244140625 1014.8499755859375 1014.8800048828125 966.97998046875 989.6099853515625 948.09002685546875 895.17999267578125 899.15997314453125 870.510009765625 837.34002685546875 796.219970703125 712.530029296875 631.6400146484375 668.1199951171875 746.77001953125 831.6199951171875 792.1400146484375 680.79998779296875 536.15997314453125
581.260009765625 565.760009765625 518.59002685546875 547.79998779296875 604.34002685546875 608.19000244140625 705.030029296875 817.9000244140625 911.66998291015625 955.5999755859375 1008.9000244140625 899.8900146484375 934.469970703125 1009.260009765625 1117.3399658203125 1140.969970703125 1105.8499755859375 1063.52001953125 997.33001708984375 975.780029296875 964.07000732421875 956.0999755859375 950.29998779296875 949.33001708984375 949.739990234375 954.25 932.42999267578125 858.280029296875 892.91998291015625 869.69000244140625 881.80999755859375 877.92999267578125 871.67999267578125 777.54998779296875 723.41998291015625 648.47998046875 540.16998291015625 580.530029296875 739.8499755859375 767.3900146484375 760.0999755859375 655.8900146484375 544.3900146484375
585.65997314453125 618.84002685546875 557.030029296875 582.34002685546875 603.52001953125 647.78997802734375 686.69000244140625 784.1400146484375 874.27001953125 1006.22998046875 1129.02001953125 989.1099853515625 1039.5799560546875 1078.030029296875 1147.3800048828125 1141.3399658203125 1070.1800537109375 1030.6800537109375 1013.83001708984375 970.3499755859375 958.02001953125 953.9000244140625 952.32000732421875 951.52001953125 975.219970703125 898.21002197265625 855.219970703125 794.95001220703125 812.0999755859375 842.239990234375 848.94000244140625 855.4000244140625 786.80999755859375 714.780029296875 669.469970703125 623.17999267578125 506.6400146484375 559.15997314453125 686.82000732421875 663.030029296875 651.04998779296875 636.34002685546875 527.1400146484375
635.20001220703125 653.94000244140625 588.78997802734375 612.6099853515625 611.04998779296875 641.58001708984375 705.08001708984375 773.15997314453125 900.96002197265625 1029.02001953125 1181.030029296875 1124.6800537109375 1139.31005859375 1161.0999755859375 1201.31005859375 1155.6099853515625 1106.2900390625 1038.0400390625 1000.96002197265625 968.95001220703125 954.1400146484375 944.69000244140625 958.75 955.5 926.22998046875 884.15997314453125 797.83001708984375 761.530029296875 741.09002685546875 746.3900146484375 772.75 800.40997314453125 763.1099853515625 688.65997314453125 612.15997314453125 558.54998779296875 462.239990234375 492.910003662109375 576.77001953125 639.91998291015625 587.95001220703125 503.769989013671875 501.989990234375
715.03997802734375 709.530029296875 684.53997802734375 696.33001708984375 667.02001953125 656.489990234375 719.5999755859375 775.760009765625 894.22998046875 1032.1800537109375 1167.9200439453125 1255.719970703125 1250.1700439453125 1268.6300048828125 1215.780029296875 1138.9000244140625 1049.27001953125 1014.4000244140625 1017.8499755859375 983.4000244140625 949.33001708984375 937.6099853515625 949.04998779296875 919.8499755859375 874.1199951171875 832.19000244140625 784.3499755859375 745.0999755859375 714.15997314453125 674.780029296875 692.6099853515625 693.40997314453125 707.0999755859375 654.1199951171875 580.75 514.03997802734375 433.6199951171875 470.07000732421875 498.29998779296875 567.030029296875 495.989990234375 400.920013427734375 435.019989013671875
708.8900146484375 741.510009765625 779.08001708984375 781.54998779296875 708.67999267578125 673.92999267578125 751.1199951171875 787.21002197265625 876.22998046875 999.77001953125 1129.68994140625 1175.760009765625 1147.1300048828125 1258.550048828125 1212.9300537109375 1113.510009765625 1074.4599609375 1054.9200439453125 1058.3199462890625 995.65997314453125 935.6400146484375 917.84002685546875 923.57000732421875 898.42999267578125 836.5 758.41998291015625 716.22998046875 691.34002685546875 640.58001708984375 607.67999267578125 632.1199951171875 584.6400146484375 642.760009765625 621.40997314453125 561.97998046875 451.829986572265625 388.25 383.540008544921875 450.470001220703125 519.33001708984375 480.6400146484375 394.089996337890625 327.510009765625
721.1099853515625 749.6199951171875 792.09002685546875 794.3499755859375 779.96002197265625 689.59002685546875 728.1500244140625 780.489990234375 862.1400146484375 976.72998046875 1085.0400390625 1033.969970703125 1065.4100341796875 1130.489990234375 1169.81005859375 1137.9599609375 1114.0699462890625 1122.47998046875 1060.75 1017.07000732421875 930.84002685546875 923.530029296875 878.3699951171875 824.969970703125 792.30999755859375 724.6099853515625 660.53997802734375 653.989990234375 628.3699951171875 524.6400146484375 531.95001220703125 506.1199951171875 540.77001953125 540.3499755859375 523.44000244140625 468.089996337890625 342.670013427734375 383.970001220703125 462.05999755859375 500.279998779296875 453.45001220703125 356.67999267578125 296.339996337890625
638.6099853515625 718.41998291015625 760.17999267578125 742.20001220703125 766.57000732421875 748.21002197265625 740.44000244140625 783.78997802734375 843.4000244140625 890.78997802734375 914.92999267578125 903.8699951171875 918.91998291015625 1043.72998046875 1220.300048828125 1150.8199462890625 1165.6099853515625 1085.6500244140625 1019.04998779296875 959.1300048828125 887.44000244140625 830.1500244140625 750.96002197265625 743.27001953125 762.6400146484375 727.5 660.91998291015625 609.280029296875 579.82000732421875 529.95001220703125 445.3900146484375 412.1300048828125 449.579986572265625 457.670013427734375 450.980010986328125 414.720001220703125 304.850006103515625 353.3900146484375 447.8800048828125 392.769989013671875 351.42999267578125 354.82000732421875 281.3800048828125
600.09002685546875 659.78997802734375 650.3699951171875 633.239990234375 691.489990234375 700.1400146484375 710.72998046875 777.19000244140625 814.489990234375 804.65997314453125 795.6300048828125 829.5 972.510009765625 1116.6400146484375 1189.699951171875 1076.449951171875 1063.8800048828125 1034.1700439453125 988.72998046875 921.58001708984375 862.1500244140625 799.6199951171875 715.45001220703125 686.780029296875 687.53997802734375 643.91998291015625 588.70001220703125 549.71002197265625 559.02001953125 524.40997314453125 454.089996337890625 408.739990234375 362.54998779296875 377.170013427734375 397.980010986328125 361.730010986328125 246.8699951171875 336.279998779296875 374.07000732421875 330 298.42999267578125 296.970001220703125 242.6199951171875
586.1099853515625 595.6400146484375 578.3900146484375 645.489990234375 695.03997802734375 644.97998046875 644.42999267578125 746.9000244140625 730.1199951171875 722.03997802734375 755.45001220703125 881.04998779296875 1032.02001953125 1147.1700439453125 1048.75 1002.33001708984375 985.3900146484375 1006.71002197265625 966.1099853515625 928.030029296875 871.1099853515625 780.219970703125 669.22998046875 623.83001708984375 593.27001953125 578.489990234375 495.790008544921875 519.9000244140625 478.410003662109375 448.260009765625 410.790008544921875 400.420013427734375 340.579986572265625 342.8900146484375 367.529998779296875 285.279998779296875 250.5500030517578125 263.69000244140625 323.70001220703125 327.3900146484375 243.42999267578125 204.4499969482421875 250.3899993896484375
530.97998046875 503.760009765625 550.65997314453125 621.59002685546875 656.42999267578125 596.6500244140625 637.510009765625 653.44000244140625 649 719.8699951171875 755.3499755859375 879.510009765625 1049.77001953125 1060.6300048828125 957.739990234375 902.05999755859375 934.78997802734375 989.46002197265625 955.58001708984375 946.33001708984375 835.70001220703125 715.969970703125 609.739990234375 545.53997802734375 517.09002685546875 487.3699951171875 446.94000244140625 468.04998779296875 477.079986572265625 421.470001220703125 362.239990234375 317.75 304.779998779296875 286.3800048828125 301.959991455078125 292.5 209.839996337890625 243.660003662109375 313.3800048828125 327.160003662109375 245.8899993896484375 167.0500030517578125 158.350006103515625
466.54998779296875 541.45001220703125 577.22998046875 583.489990234375 585.05999755859375 561.969970703125 596.95001220703125 606.17999267578125 663.30999755859375 728.8699951171875 807.95001220703125 921.8499755859375 1056.9300537109375 1029.77001953125 906.010009765625 807.239990234375 897.22998046875 934.46002197265625 935.3699951171875 880.70001220703125 800.1300048828125 679.239990234375 566.72998046875 495.989990234375 478.25 422.45001220703125 388.160003662109375 395.42999267578125 428.42999267578125 397.220001220703125 357.170013427734375 300.170013427734375 262.519989013671875 243.9900054931640625 258.489990234375 254.69000244140625 199.839996337890625 227.029998779296875 235.7599945068359375 244.8899993896484375 202.6699981689453125 174.25 118.81999969482421875
