msi.gama.models/models/Features/Data Importation/includes/mnt.asc
ncols        54
nrows        58
xllcorner    1210875.000000000000
yllcorner    6074875.000000000000
cellsize     250.000000000000
NODATA_value  -99999
[rows 38 to 56 of 58, columns 0 to 42 of 54]
529.46002197265625 560.530029296875 585.40997314453125 547.19000244140625 534.45001220703125 561.22998046875 568.16998291015625 599.989990234375 643.79998779296875 716.21002197265625 818.6300048828125 931.9000244140625 1089.1700439453125 968.20001220703125 841.5999755859375 747.45001220703125 780.92999267578125 851.6300048828125 905.97998046875 867.08001708984375 751.54998779296875 639.30999755859375 567.8499755859375 551.719970703125 409.720001220703125 363.57000732421875 357.790008544921875 332.3699951171875 402.8900146484375 371.70001220703125 335.160003662109375 302.79998779296875 264.959991455078125 256.1099853515625 244.649993896484375 227.0800018310546875 180.75 212.3300018310546875 185.9499969482421875 158.44000244140625 140.149993896484375 112.089996337890625 99.160003662109375
535.57000732421875 505.75 497.220001220703125 482.19000244140625 500.269989013671875 552.44000244140625 623 609.5999755859375 655.72998046875 703.5999755859375 789.3900146484375 930.46002197265625 1042.780029296875 865.1300048828125 747.1300048828125 660.260009765625 687.1300048828125 751.030029296875 791.27001953125 836.530029296875 741.04998779296875 678.19000244140625 618.17999267578125 538.91998291015625 420.8900146484375 329.089996337890625 323.269989013671875 347.410003662109375 380.529998779296875 352.6199951171875 306.44000244140625 285.589996337890625 256.600006103515625 228.5500030517578125 226.92999267578125 174.970001220703125 187.0399932861328125 197.7400054931640625 154.6199951171875 131.149993896484375 106.59999847412109375 90.62999725341796875 90.70999908447265625
438.220001220703125 438.69000244140625 478.779998779296875 513.9000244140625 551.1099853515625 631.010009765625 686.91998291015625 682.16998291015625 683.15997314453125 711.58001708984375 781.79998779296875 904.739990234375 1034.1600341796875 903.1300048828125 748.6500244140625 629.530029296875 619.3599853515625 710.59002685546875 675.65997314453125 730.3699951171875 702.96002197265625 643.219970703125 563.96002197265625 431.75 333.410003662109375 285.6099853515625 344.399993896484375 340.410003662109375 313.779998779296875 297.3800048828125 280.8699951171875 260.170013427734375 238.6999969482421875 219.2700042724609375 198.3000030517578125 192 140.9900054931640625 169.3899993896484375 138.2599945068359375 111.79000091552734375 94 88.54000091552734375 79.48000335693359375
468.959991455078125 523.4000244140625 564.94000244140625 537.34002685546875 590.9000244140625 668.8499755859375 735.6099853515625 760.02001953125 783.30999755859375 789.41998291015625 804.6500244140625 908.32000732421875 918.22998046875 823.91998291015625 710 595.77001953125 548.739990234375 598.75 609.739990234375 692.969970703125 638.3900146484375 590.8499755859375 525.6500244140625 388.980010986328125 299.32000732421875 280.05999755859375 267.079986572265625 237.029998779296875 227.350006103515625 243.399993896484375 229.649993896484375 229.1199951171875 221.9600067138671875 184.5200042724609375 150.3699951171875 129.029998779296875 111.04000091552734375 142.089996337890625 114.6699981689453125 93.470001220703125 100.5 94.3000030517578125 95.9199981689453125
544.46002197265625 583.30999755859375 619.17999267578125 578.20001220703125 605.1099853515625 697.97998046875 769.91998291015625 826.4000244140625 860.989990234375 784.03997802734375 790.53997802734375 841.30999755859375 853.78997802734375 751.1199951171875 611.80999755859375 566.82000732421875 495.350006103515625 525.969970703125 589.77001953125 622.67999267578125 546.29998779296875 449.019989013671875 373.730010986328125 326.8599853515625 274.6400146484375 270.42999267578125 259.980010986328125 236.1300048828125 180.8000030517578125 219.07000732421875 201.2599945068359375 231.82000732421875 190.6300048828125 171.9799957275390625 153.8899993896484375 129.4199981689453125 112.62000274658203125 120.160003662109375 82.01999664306640625 79.839996337890625 81.720001220703125 91.43000030517578125 92.95999908447265625
601.42999267578125 620.469970703125 698.02001953125 661.780029296875 663.530029296875 720.54998779296875 844.75 877.8900146484375 846.66998291015625 747.1199951171875 699.010009765625 765.33001708984375 756.45001220703125 693.55999755859375 568.40997314453125 533.32000732421875 469.25 520.79998779296875 548.5999755859375 575.760009765625 597.19000244140625 552.92999267578125 479.6199951171875 395.95001220703125 326.230010986328125 384.230010986328125 328.170013427734375 233.6999969482421875 166.3699951171875 155.7700042724609375 174.3300018310546875 195.029998779296875 149.2599945068359375 126.8600006103515625 134.850006103515625 101.839996337890625 85.93000030517578125 77.44000244140625 73.79000091552734375 72.8600006103515625 77.79000091552734375 92.34999847412109375 101.98999786376953125
617.58001708984375 655.469970703125 739.83001708984375 759.17999267578125 762.739990234375 763.21002197265625 868.28997802734375 884.6400146484375 791.969970703125 708.30999755859375 645.66998291015625 714.4000244140625 636.97998046875 603.44000244140625 591.90997314453125 500.220001220703125 432.790008544921875 468.67999267578125 536.19000244140625 563.3499755859375 591.15997314453125 608.16998291015625 563.54998779296875 494.959991455078125 412.1099853515625 411.329986572265625 291.6199951171875 248.4600067138671875 204.589996337890625 147.350006103515625 157.7100067138671875 144 116.69000244140625 89.62000274658203125 108.68000030517578125 83.69000244140625 75.37999725341796875 73.6699981689453125 75.01000213623046875 70.79000091552734375 82.220001220703125 104.26999664306640625 134.19000244140625
606.1099853515625 642.8800048828125 705.79998779296875 720.41998291015625 769.8499755859375 789.55999755859375 842.4000244140625 805.8599853515625 715.77001953125 643.79998779296875 626.219970703125 636.739990234375 563.40997314453125 554.739990234375 590.030029296875 504.010009765625 408.720001220703125 506.3900146484375 522.04998779296875 517.97998046875 568.3599853515625 588.27001953125 518.989990234375 440.209991455078125 413.529998779296875 385.579986572265625 350.470001220703125 308.07000732421875 240.0500030517578125 178.7599945068359375 108.62999725341796875 133.8899993896484375 110.45999908447265625 84.3600006103515625 76.9499969482421875 75.09999847412109375 69.62000274658203125 65.90000152587890625 66.6100006103515625 71.6699981689453125 81.84999847412109375 106.34999847412109375 130.07000732421875
557.83001708984375 592.19000244140625 630.8800048828125 662.6099853515625 694.8499755859375 748.510009765625 802.15997314453125 790.1199951171875 742.280029296875 705.83001708984375 621.21002197265625 602.260009765625 523.33001708984375 504.29998779296875 499.769989013671875 555.030029296875 395.239990234375 471.670013427734375 480.230010986328125 495.8800048828125 501.959991455078125 524.4000244140625 448.75 367.6199951171875 369.910003662109375 315.75 272.350006103515625 255.8800048828125 201.9900054931640625 154.7899932861328125 99.8000030517578125 110.56999969482421875 88.37999725341796875 77.26999664306640625 74.8300018310546875 68.73000335693359375 67.8300018310546875 62.18000030517578125 70.220001220703125 80.23999786376953125 106.410003662109375 144.2100067138671875 170.3800048828125
599.3599853515625 628.30999755859375 696.6400146484375 698.30999755859375 786.70001220703125 843.8800048828125 878.28997802734375 889.6400146484375 864.94000244140625 754.33001708984375 645.82000732421875 559.40997314453125 521.33001708984375 414.089996337890625 434.1199951171875 415.350006103515625 369.989990234375 387.95001220703125 424.1400146484375 385.29998779296875 431.329986572265625 480.19000244140625 405.970001220703125 334.010009765625 274.94000244140625 237.3600006103515625 209.55999755859375 213.2700042724609375 167.0399932861328125 144.649993896484375 107.8600006103515625 86.220001220703125 95.220001220703125 88.73000335693359375 83.0500030517578125 75.19000244140625 70.37000274658203125 64.48000335693359375 66.089996337890625 105.04000091552734375 107.589996337890625 118.62999725341796875 148.05999755859375
663.1500244140625 682.96002197265625 804.1099853515625 763.97998046875 873.34002685546875 918.239990234375 1048.5 964.8699951171875 826.6199951171875 680.84002685546875 588.3599853515625 489.29998779296875 440.8599853515625 415.8800048828125 389.470001220703125 388.170013427734375 386.6300048828125 361.239990234375 316.3800048828125 386.459991455078125 409.410003662109375 458.769989013671875 494.660003662109375 454.17999267578125 375.1199951171875 322.980010986328125 292.6300048828125 220.6999969482421875 138.279998779296875 132.0099945068359375 114 109 96.09999847412109375 89.43000030517578125 83.3600006103515625 76.3000030517578125 68.43000030517578125 61.18000030517578125 65.970001220703125 70.70999908447265625 112.48000335693359375 165.82000732421875 152.970001220703125
732.44000244140625 809.20001220703125 829.030029296875 822.83001708984375 932.6199951171875 1023.6400146484375 1025.6400146484375 831.719970703125 728.54998779296875 598.42999267578125 500.69000244140625 495.3599853515625 468.269989013671875 510.100006103515625 464.170013427734375 436.589996337890625 504.07000732421875 408.899993896484375 304.269989013671875 394.089996337890625 361.45001220703125 399.399993896484375 390.660003662109375 429.410003662109375 385.980010986328125 329.3699951171875 289.420013427734375 238.279998779296875 195.8300018310546875 158.92999267578125 118.779998779296875 108.44000244140625 100.30999755859375 90.01999664306640625 84.779998779296875 75.5 74.40000152587890625 65.30999755859375 55.939998626708984375 66.26999664306640625 96.76000213623046875 131.9199981689453125 159.8600006103515625
801.21002197265625 887.32000732421875 917.58001708984375 932.78997802734375 974.03997802734375 1074.5999755859375 950.25 856.57000732421875 683.4000244140625 564.530029296875 560.3499755859375 598.21002197265625 523.97998046875 630.45001220703125 547.9000244140625 506.04998779296875 583.54998779296875 466.70001220703125 333.600006103515625 273.25 269.279998779296875 310.899993896484375 322.8900146484375 396.05999755859375 330.92999267578125 285.829986572265625 228.55999755859375 179.30999755859375 148.57000732421875 137.4900054931640625 120.73000335693359375 108.98999786376953125 107.470001220703125 120.589996337890625 113.55999755859375 99.75 71.970001220703125 58.1699981689453125 52.490001678466796875 52.43000030517578125 67.45999908447265625 106.80999755859375 121.0800018310546875
787.8699951171875 889.07000732421875 981.71002197265625 1068.6199951171875 1111.969970703125 1093.75 931.66998291015625 790.90997314453125 652.72998046875 587.32000732421875 652.90997314453125 728.80999755859375 607.6500244140625 687.47998046875 646.59002685546875 599.0999755859375 618.45001220703125 467.67999267578125 419.170013427734375 334.920013427734375 322.54998779296875 238.850006103515625 265.94000244140625 329.3599853515625 316.44000244140625 247.4199981689453125 179.3899993896484375 154.0500030517578125 141.350006103515625 131.9600067138671875 121.089996337890625 122.8300018310546875 137.0099945068359375 157.75 141.7599945068359375 109.04000091552734375 69.20999908447265625 67.51000213623046875 48.29000091552734375 48.409999847412109375 62.029998779296875 75.30999755859375 91.09999847412109375
908.78997802734375 962.34002685546875 999.04998779296875 1118.97998046875 1140.1400146484375 1030.43994140625 857.41998291015625 734.0999755859375 660.219970703125 737.17999267578125 784.8699951171875 761.19000244140625 628.280029296875 712.5 723.3499755859375 718.8499755859375 726.5 573.69000244140625 455.8699951171875 440.019989013671875 449.730010986328125 304.489990234375 263.3699951171875 201.720001220703125 208.2400054931640625 174.6199951171875 178.6999969482421875 170.279998779296875 149.5500030517578125 142.2599945068359375 130.7700042724609375 128.9499969482421875 164.0800018310546875 174.7100067138671875 142.5800018310546875 104.8899993896484375 73.660003662109375 57.229999542236328125 46.299999237060546875 52.70999908447265625 59.590000152587890625 62.8600006103515625 90.98000335693359375
903.989990234375 1017.27001953125 1159.760009765625 1192.81005859375 1102.9200439453125 909.53997802734375 813.95001220703125 711 780.33001708984375 843.6099853515625 874.17999267578125 845.030029296875 735.530029296875 768.17999267578125 853.45001220703125 870.54998779296875 784.33001708984375 600.8900146484375 522.55999755859375 549.09002685546875 465.899993896484375 379.510009765625 376.079986572265625 314.760009765625 262.579986572265625 210.42999267578125 204.5800018310546875 155.720001220703125 138.55999755859375 124.30999755859375 131.850006103515625 127.98000335693359375 134.4799957275390625 175.3600006103515625 172.089996337890625 151.4499969482421875 86.029998779296875 53.6100006103515625 47.45999908447265625 53.90000152587890625 69.1699981689453125 61.659999847412109375 51.1100006103515625
961.6099853515625 1137.989990234375 1191.449951171875 1150.760009765625 1052.8599853515625 898.9000244140625 778.83001708984375 853.03997802734375 838.719970703125 855.72998046875 938.739990234375 958.6400146484375 871.6500244140625 867.6099853515625 923.41998291015625 894.29998779296875 794.54998779296875 669.739990234375 689.8900146484375 649.29998779296875 531.30999755859375 459.100006103515625 394.05999755859375 318.82000732421875 240.30999755859375 180.2100067138671875 130.75 133.8600006103515625 113.5500030517578125 128.279998779296875 121.29000091552734375 117.279998779296875 122.3000030517578125 115.80999755859375 152.279998779296875 147.07000732421875 129.2400054931640625 64.95999908447265625 53.25 37.029998779296875 53.630001068115234375 55.880001068115234375 36.45999908447265625
1001.510009765625 1186.6600341796875 1253.1700439453125 1134.6400146484375 1002.8699951171875 861.260009765625 839.40997314453125 923.8900146484375 888.3900146484375 916.8699951171875 998.05999755859375 972.1099853515625 893.29998779296875 776.8900146484375 866.96002197265625 842.28997802734375 833.280029296875 742.5999755859375 736.1099853515625 649.97998046875 533.97998046875 407.6400146484375 304.6300048828125 266.459991455078125 205.19000244140625 173.220001220703125 114.54000091552734375 88.94000244140625 126.25 132.7299957275390625 112.6999969482421875 107.160003662109375 97.529998779296875 112.90000152587890625 124.160003662109375 121.48000335693359375 79.029998779296875 58.5800018310546875 41.520000457763671875 36.25 35.40000152587890625 38.119998931884765625 34.3300018310546875
1175.5 1233.4599609375 1246.260009765625 1077.280029296875 964.260009765625 909.29998779296875 959.510009765625 1005.239990234375 971.30999755859375 1011.21002197265625 952.239990234375 879.82000732421875 832.4000244140625 708.239990234375 778.84002685546875 805.82000732421875 796.96002197265625 678.8499755859375 661.530029296875 617.75 506.8800048828125 378.040008544921875 278.350006103515625 228.8000030517578125 179.8300018310546875 136.92999267578125 106.01999664306640625 83.529998779296875 104.18000030517578125 96.12999725341796875 88.910003662109375 92.87999725341796875 78.1399993896484375 79.48000335693359375 83.6999969482421875 69.9499969482421875 50.34999847412109375 43.700000762939453125 39.659999847412109375 34.490001678466796875 33.729999542236328125 33.09999847412109375 34.90000152587890625
