msi.gama.models/models/Toy Models/Waterflow/includes/DEM_100m_PP.asc
ncols         79
nrows         67
xllcorner     489820.880
yllcorner     1276483.428
cellsize      100.00000
[rows 30 to 59 of 67, columns 0 to 68 of 79]
11.8218 11.7388 11.6598 11.5839 11.5090 11.4330 11.3548 11.2737 11.1882 10.9561 10.0086 8.7971 7.6711 6.5746 5.5030 4.4321 3.2858 2.0553 0.7058 -0.3373 -2.5803 -4.5201 -4.7888 -5.0991 -5.6454 -2.9600 2.6778 9.9552 9.0797 8.5375 8.0906 7.5353 6.6058 5.2342 3.4870 1.1894 -2.5568 -10.9947 -13.9063 -16.7609 -18.5065 -18.3793 -16.2179 -12.0094 -6.2086 -2.7858 -0.4497 0.6997 1.5845 2.4913 3.3949 4.2871 5.1670 6.0350 6.8919 7.7435 8.5878 9.0083 9.0379 9.0615 9.0813 9.0977 9.1112 9.1220 9.1305 9.1370 9.1425 9.1477 9.1528
11.7695 11.6893 11.6135 11.5401 11.4662 11.3896 11.3079 11.2216 11.1295 11.0293 10.2773 9.2322 8.2407 7.2901 6.3513 5.3938 4.3789 3.2396 1.9414 0.5087 -1.4335 -3.7220 -4.9482 -4.8624 -5.0331 -5.0126 -2.0480 7.5341 7.6597 7.8297 7.9643 8.0278 7.6426 6.1479 3.9071 1.4928 -1.7186 -10.5822 -13.6983 -16.4819 -18.4602 -18.2193 -16.1357 -12.9811 -7.7963 -3.1348 -0.5318 0.5130 1.3896 2.2647 3.1456 4.0255 4.9047 5.8027 6.6982 7.5931 8.4018 8.8207 8.9588 9.0131 9.0356 9.0500 9.0620 9.0715 9.0788 9.0840 9.0873 9.0887 9.0887
11.7065 11.6330 11.5617 11.4918 11.4216 11.3489 11.2714 11.1862 11.0983 11.0049 10.4837 9.6379 8.7870 7.9572 7.1369 6.3048 5.4292 4.4609 3.3017 1.9197 0.1329 -2.4381 -4.8009 -5.2052 -5.1576 -5.6408 -4.9615 0.2735 4.2034 5.7297 6.8532 7.8247 8.6054 6.5701 4.1643 1.7469 -1.1005 -5.1742 -12.5081 -15.6999 -18.1163 -17.4995 -15.3624 -13.5047 -9.3757 -4.0648 -0.1240 0.3388 1.2051 2.0749 2.9430 3.8350 4.7752 5.7132 6.6371 7.5219 8.1889 8.6074 8.8307 8.9413 8.9952 9.0164 9.0254 9.0328 9.0386 9.0425 9.0446 9.0449 9.0435
11.6329 11.5679 11.5041 11.4409 11.3770 11.3112 11.2420 11.1672 11.0857 10.9764 10.5853 9.9386 9.2488 8.5594 7.8734 7.1795 6.4551 5.6599 4.7466 3.6119 2.3672 -0.6549 -5.0796 -5.5742 -5.5199 -6.5991 -7.1933 -3.4568 1.2701 3.2456 4.8019 5.7973 6.0597 5.2663 3.8563 1.9546 -0.7876 -4.2739 -12.1053 -14.7608 -17.8145 -18.3091 -17.2029 -15.2063 -10.2148 -4.4710 -1.1145 0.1443 1.0212 1.8817 2.7695 3.7613 4.7496 5.7069 6.6313 7.4299 8.0254 8.4391 8.7016 8.8609 8.9503 8.9922 9.0038 9.0079 9.0114 9.0138 9.0150 9.0148 9.0133
11.5476 11.4927 11.4380 11.3836 11.3291 11.2728 11.2132 11.1492 11.0749 10.9691 10.6711 10.1868 9.6515 9.1039 8.5572 8.0149 7.4613 6.8580 6.2125 5.4229 4.9618 6.8711 -0.7362 -3.6218 -5.4385 -7.1095 -7.5628 -5.1566 0.3014 2.0656 3.4349 4.0819 4.1539 3.6956 2.8403 1.6768 -0.3864 -3.7461 -11.2013 -13.9818 -16.6914 -18.3823 -20.0970 -17.2667 -10.3187 -4.4513 -1.4614 0.1056 0.8260 1.6785 2.7082 3.7793 4.7936 5.7503 6.6461 7.3664 7.9163 8.3205 8.5995 8.7862 8.9043 8.9712 8.9983 9.0000 9.0001 9.0005 9.0008 9.0007 9.0003
11.4499 11.4055 11.3606 11.3160 11.2720 11.2279 11.1816 11.1284 11.0627 10.9711 10.7522 10.3978 9.9888 9.5631 9.1415 8.7384 8.3610 8.0055 7.6280 7.1372 7.2807 9.3819 3.9333 0.1200 -3.4892 -6.3153 -8.6662 -8.3950 -2.1739 1.2775 2.2542 2.6770 2.7206 2.4318 1.8712 1.0959 0.1162 -3.4832 -10.1483 -13.4091 -15.8895 -17.8703 -19.5748 -19.2294 -12.4768 -5.1455 -2.6139 -0.5443 0.6226 1.5456 2.7519 3.8735 4.8938 5.8342 6.6811 7.3453 7.8591 8.2496 8.5321 8.7314 8.8659 8.9496 8.9915 9.0000 9.0000 9.0000 9.0000 9.0000 9.0000
11.3448 11.3091 11.2733 11.2383 11.2048 11.1727 11.1408 11.1041 11.0493 10.9659 10.8165 10.5605 10.2558 9.9362 9.6250 9.3416 9.1084 8.9472 8.9073 8.7054 9.3333 10.0000 5.8943 1.8952 -1.5038 -4.8483 -8.9031 -9.9703 -4.2716 0.5139 1.2618 1.5926 1.6409 1.4634 1.0972 0.5962 0.1200 -3.1314 -10.3285 -13.4080 -16.0047 -17.6542 -18.8231 -18.5970 -13.5496 -7.6369 -3.5502 -1.1660 0.4070 1.5409 2.8943 4.0478 5.0558 5.9631 6.7535 7.3701 7.8515 8.2228 8.5004 8.7017 8.8425 8.9344 8.9848 9.0000 9.0000 9.0000 9.0000 9.0000 9.0000
11.2337 11.2056 11.1778 11.1515 11.1277 11.1068 11.0887 11.0706 11.0357 10.9548 10.8429 10.6678 10.4500 10.2209 10.0037 9.8204 9.6966 9.6702 9.8083 10.0000 10.0000 9.4605 6.4282 3.6218 0.8676 -2.8221 -8.6768 -10.5272 -7.1262 -1.0200 0.5254 0.7876 0.8537 0.7581 0.5365 0.2497 0.1200 -3.1630 -9.7708 -13.7007 -16.2721 -17.1666 -17.6702 -17.6723 -14.8577 -9.5560 -4.6591 -2.2844 0.1787 1.6530 3.1517 4.3158 5.2578 6.0827 6.8186 7.4054 7.8717 8.2341 8.5028 8.6978 8.8368 8.9294 8.9820 9.0000 9.0000 9.0000 9.0000 9.0000 9.0000
11.1160 11.0946 11.0739 11.0552 11.0397 11.0285 11.0224 11.0216 11.0196 10.9360 10.8174 10.7016 10.5581 10.4028 10.2587 10.1462 10.0851 10.0883 10.0693 10.0017 10.0000 8.7581 6.9138 4.8786 2.6238 -0.0108 -5.2190 -9.8618 -9.8834 -6.1783 0.1245 0.2648 0.3294 0.3078 0.2060 0.1200 0.1200 -3.9308 -9.4707 -12.3087 -14.8133 -16.1906 -16.2419 -16.4741 -16.7763 -12.7152 -9.9245 -5.2802 -0.7676 1.9050 3.5737 4.6136 5.4003 6.1541 6.8607 7.4361 7.8985 8.2612 8.5317 8.7180 8.8483 8.9350 8.9840 9.0000 9.0000 9.0000 9.0000 9.0000 9.0000
10.9908 10.9753 10.9611 10.9503 10.9432 10.9398 10.9401 10.9453 10.9526 10.8921 10.7712 10.6588 10.5549 10.4567 10.3607 10.2773 10.2026 10.1263 10.0566 10.0030 9.8308 8.9771 7.7824 6.3124 4.4738 1.9613 -2.6302 -10.0501 -10.7172 -9.9056 -0.9943 0.1200 0.2178 0.3369 0.3508 0.2275 0.1200 -5.2883 -8.3452 -10.6158 -13.3805 -15.1737 -15.2367 -15.4290 -15.9139 -12.5670 -9.3554 -6.2080 -2.9686 2.3818 4.1792 4.8326 5.4903 6.1886 6.8831 7.4641 7.9329 8.3016 8.5752 8.7589 8.8741 8.9490 8.9897 9.0000 9.0000 9.0000 9.0000 9.0000 9.0000
10.8562 10.8472 10.8415 10.8387 10.8373 10.8364 10.8355 10.8303 10.8183 10.7842 10.6994 10.5947 10.4954 10.4031 10.3176 10.2381 10.1639 10.0959 10.0387 10.0000 9.9287 9.5000 8.8378 7.9762 6.6671 4.4003 -0.6189 -8.6174 -10.0957 -9.9302 -3.3856 0.1722 0.5777 0.8782 0.9514 0.6984 0.1350 -5.5490 -7.4846 -9.8798 -11.9281 -13.8334 -14.4067 -14.3767 -15.3954 -11.7941 -9.8324 -6.9998 -4.4408 3.2003 4.7694 5.0031 5.5430 6.1931 6.8804 7.4867 7.9742 8.3553 8.6337 8.8127 8.9094 8.9681 8.9966 9.0000 9.0000 9.0000 9.0000 9.0000 9.0000
10.7154 10.7125 10.7142 10.7170 10.7181 10.7171 10.7132 10.7057 10.6921 10.6633 10.6004 10.5083 10.4170 10.3328 10.2555 10.1841 10.1192 10.0627 10.0188 10.0000 9.9994 9.8556 9.5879 9.3049 9.0825 7.6886 1.1808 -4.0208 -8.3100 -7.1267 -9.8801 0.3358 1.2726 1.9153 2.1495 1.6985 0.1482 -5.0935 -6.2112 -7.5841 -10.3127 -12.7248 -13.9375 -13.8110 -13.3900 -11.5525 -10.0681 -8.1283 -5.4137 -0.8048 5.4724 5.1725 5.5696 6.1656 6.8357 7.4904 8.0168 8.4208 8.7064 8.8745 8.9482 8.9873 9.0000 9.0000 9.0000 9.0000 9.0000 9.0000 9.0000
10.5752 10.5785 10.5859 10.5923 10.5964 10.5976 10.5954 10.5888 10.5755 10.5480 10.4952 10.4138 10.3211 10.2470 10.1820 10.1240 10.0728 10.0304 10.0021 10.0000 10.0000 9.9988 9.9386 9.7065 9.3339 8.0980 2.8450 -0.8772 -7.6432 -10.0034 -10.1991 -0.4283 2.2255 3.6844 4.3785 3.3292 -0.3333 -3.6972 -5.2220 -6.6960 -9.1170 -11.7940 -13.9337 -13.9568 -13.2613 -12.5098 -10.4347 -9.3879 -7.0886 -2.6373 4.9084 5.2690 5.5180 6.0658 6.7275 7.4282 8.0396 8.4920 8.7924 8.9385 8.9821 8.9992 9.0000 9.0000 9.0000 9.0000 9.0000 9.0000 9.0000
10.4353 10.4466 10.4604 10.4718 10.4800 10.4847 10.4854 10.4810 10.4693 10.4425 10.3935 10.3167 10.2191 10.1496 10.1018 10.0615 10.0276 10.0034 10.0000 10.0000 10.0000 9.9961 9.8120 9.3446 8.5069 6.9659 3.5293 -0.8821 -6.8188 -10.5964 -10.3035 -6.1932 1.4373 5.3590 8.4264 3.2401 0.0184 -2.0344 -3.6382 -5.6353 -8.1151 -10.7713 -12.9060 -13.7125 -13.1781 -13.8745 -12.4285 -9.8474 -7.9203 -4.8164 0.5578 3.8809 5.0685 5.7405 6.4589 7.2155 7.9711 8.5531 8.8883 8.9874 8.9996 8.9985 8.9917 8.9857 8.9844 8.9886 8.9958 9.0000 9.0000
10.2958 10.3174 10.3394 10.3574 10.3711 10.3803 10.3847 10.3837 10.3732 10.3476 10.3021 10.2277 10.1162 10.0373 10.0202 10.0061 10.0000 10.0000 10.0000 10.0000 10.0000 9.9681 9.7092 9.1461 8.1862 6.6308 4.0029 0.8766 -4.4294 -8.0821 -10.3505 -11.1279 -1.5750 2.5779 3.5173 0.8100 0.1922 -0.9143 -2.3381 -3.2577 -6.6426 -9.6531 -11.5960 -13.1493 -12.9480 -12.6404 -12.4493 -10.6771 -8.9457 -6.3794 -1.8837 1.1692 3.1179 4.6680 5.7468 6.6868 7.6001 8.4832 8.9836 9.0000 8.9914 8.9678 8.9438 8.9277 8.9241 8.9340 8.9554 8.9815 8.9992
10.1603 10.1947 10.2266 10.2523 10.2722 10.2865 10.2956 10.2971 10.2872 10.2633 10.2211 10.1519 10.0498 10.0000 10.0000 10.0000 10.0000 10.0000 10.0000 10.0000 10.0000 9.9703 9.7345 9.2142 8.2585 6.7301 4.4342 2.0276 0.4412 -4.6336 -10.0066 -10.0029 -8.1592 -0.2735 0.2608 0.0715 0.1687 -0.1440 -1.0008 -2.5187 -5.5361 -8.5323 -10.7450 -12.0728 -12.4817 -11.6678 -11.7961 -10.7357 -9.2597 -7.2316 -4.6203 -0.1535 1.3310 2.7708 4.1000 5.3068 6.4245 7.5593 8.8347 8.9642 8.9400 8.8864 8.8404 8.8117 8.8049 8.8217 8.8607 8.9166 8.9730
10.0472 10.0920 10.1308 10.1620 10.1875 10.2070 10.2182 10.2201 10.2113 10.1895 10.1508 10.0878 10.0141 10.0000 10.0000 10.0000 10.0000 10.0000 10.0000 10.0000 10.0000 9.9960 9.8535 9.4663 8.6382 7.1263 4.9901 3.1619 1.5771 0.1218 -4.3003 -7.1252 -11.3997 -7.2503 -2.9953 -1.1954 0.0285 0.1200 -0.2788 -2.5794 -3.8414 -6.8008 -9.4888 -11.4120 -12.1853 -11.0539 -10.8580 -10.2495 -9.8860 -8.9473 -6.2697 -2.5259 0.4991 1.7293 2.9543 4.1764 5.4553 7.0273 8.3750 8.7287 8.7691 8.7253 8.6572 8.6161 8.6088 8.6374 8.7013 8.7953 8.9031
9.9992 10.0375 10.0698 10.0982 10.1209 10.1387 10.1502 10.1527 10.1455 10.1263 10.0911 10.0360 10.0000 10.0000 10.0000 10.0000 10.0000 10.0000 10.0000 10.0000 10.0000 10.0000 9.9850 9.8254 9.2877 7.6870 5.8775 4.2589 2.6716 1.0900 -0.5389 -7.7746 -12.7660 -9.7002 -6.6405 -1.8480 0.1200 0.1200 0.1200 -2.0288 -3.5352 -5.5839 -7.8198 -10.1516 -10.8785 -10.8523 -10.5401 -9.8199 -10.0182 -9.6650 -8.1145 -5.0012 -1.3490 0.8950 2.0819 3.2764 4.7582 6.6189 7.9465 8.3819 8.4794 8.4565 8.3838 8.3309 8.3267 8.3714 8.4647 8.6045 8.7777
9.9463 10.0054 10.0295 10.0511 10.0688 10.0821 10.0920 10.0952 10.0895 10.0730 10.0407 10.0028 10.0000 10.0000 10.0000 10.0000 10.0000 10.0000 10.0000 10.0000 10.0000 10.0000 10.0000 10.0000 9.9468 8.4312 6.7823 5.1791 3.5960 1.9972 0.2751 -8.3737 -10.8869 -10.7800 -11.0808 -4.8433 -1.4983 -0.0462 0.0244 -1.0272 -2.8255 -4.4485 -6.8426 -9.0842 -9.4505 -9.9282 -9.9684 -9.2260 -9.4482 -8.9725 -9.3377 -7.7530 -4.9289 -0.3839 1.1641 2.3808 4.0802 6.1914 7.5750 7.9952 8.1071 8.0866 8.0077 7.9426 7.9426 8.0052 8.1305 8.3193 8.5690
9.8974 9.9771 10.0059 10.0169 10.0291 10.0382 10.0442 10.0471 10.0423 10.0270 10.0011 10.0000 10.0000 10.0000 10.0000 10.0000 10.0000 10.0000 10.0000 10.0000 10.0000 10.0000 10.0000 10.0000 9.6437 8.6321 7.3691 5.9546 4.4231 2.9178 1.4479 0.1344 -2.3717 -11.0334 -12.6579 -8.4152 -7.3296 -9.6654 -3.7347 -2.2225 -2.9266 -4.1402 -5.7738 -8.0320 -9.0675 -9.1196 -8.3622 -8.9097 -9.1103 -9.4875 -8.9084 -8.7755 -6.6844 -3.4251 0.2254 1.4185 3.3204 5.6938 7.3059 7.6339 7.6702 7.6155 7.5039 7.4272 7.4324 7.5130 7.6676 7.9000 8.2196
9.8582 9.9570 9.9985 10.0005 10.0034 10.0063 10.0078 10.0068 10.0000 10.0000 10.0000 10.0000 10.0000 10.0000 10.0000 10.0000 10.0000 10.0000 10.0000 10.0000 10.0000 10.0000 10.0000 9.9823 9.5632 8.7687 7.7473 6.5647 5.2723 3.9211 2.6350 1.4578 0.4260 -4.3234 -11.3171 -10.1001 -9.2104 -9.9619 -9.8800 -5.4013 -3.7059 -3.1002 -4.6635 -6.6398 -7.9638 -8.4238 -8.3257 -9.8800 -9.0770 -8.6460 -8.5609 -9.0699 -8.5380 -5.9828 -3.3482 0.3530 2.3275 5.0293 7.2255 7.3650 7.2042 7.0105 6.8267 6.7441 6.7569 6.8530 7.0268 7.2786 7.6126
9.8349 9.9452 9.9968 10.0000 10.0000 10.0000 10.0000 10.0000 10.0000 10.0000 10.0000 10.0000 10.0000 10.0000 10.0000 10.0000 10.0000 10.0000 10.0000 10.0000 10.0000 10.0000 10.0000 9.9691 9.6266 8.9912 8.1380 7.1640 6.0981 4.9398 3.8254 2.7852 1.7350 -1.3071 -10.2703 -9.7918 -8.1435 -7.8397 -10.0969 -9.7967 -6.0098 -3.3427 -3.6591 -6.3183 -6.7096 -7.2296 -7.2516 -8.6670 -7.6299 -8.0746 -8.0804 -8.5742 -9.0695 -8.1228 -5.0632 -2.5752 0.5641 3.9542 7.4937 7.2853 6.7007 6.2060 5.9281 5.8279 5.8459 5.9501 6.1171 6.3307 6.5802
9.8308 9.9466 9.9984 10.0000 10.0000 10.0000 10.0000 10.0000 10.0000 10.0000 10.0000 10.0000 10.0000 10.0000 10.0000 10.0000 10.0000 10.0000 10.0000 10.0000 10.0000 10.0000 10.0000 9.9866 9.7564 9.2771 8.5879 7.7844 6.9028 5.9419 5.0224 4.1780 3.3370 2.0280 -3.1832 -6.9489 -5.7423 -4.6918 -6.5625 -9.8800 -7.7265 -4.0930 -1.6319 -3.6970 -5.0641 -5.7589 -5.8790 -7.8624 -7.8193 -7.1443 -7.9288 -8.0035 -8.8041 -8.7369 -7.0948 -4.6907 -2.9737 -0.1707 5.5200 7.1604 5.7569 5.1143 4.8183 4.7091 4.7195 4.8151 4.9693 5.1658 5.3924
9.8497 9.9634 10.0000 10.0000 10.0000 10.0000 10.0000 10.0000 10.0000 10.0000 10.0000 10.0000 10.0000 10.0000 10.0000 10.0000 10.0000 10.0000 10.0000 10.0000 10.0000 10.0000 10.0000 10.0000 9.8989 9.5866 9.0629 8.4133 7.6912 6.9264 6.2502 5.6929 5.2283 4.2671 1.6739 -4.3392 -4.8800 -4.8667 -4.8800 -10.7514 -8.3932 -6.2351 -4.2712 -3.3396 -3.3574 -4.9095 -4.8405 -5.8754 -6.4442 -7.0802 -7.7509 -7.8713 -8.2827 -8.6120 -8.1761 -7.7135 -5.4785 -4.8540 -4.8814 1.8508 3.9333 3.5998 3.4119 3.3670 3.4188 3.5407 3.7099 3.9180 4.1714
9.8967 9.9917 10.0000 10.0000 10.0000 10.0000 10.0000 10.0000 10.0000 10.0000 10.0000 10.0000 10.0000 10.0000 10.0000 10.0000 10.0000 10.0000 10.0000 9.9962 9.9888 9.9853 9.9856 9.9893 9.9855 9.8612 9.5329 9.0321 8.4541 7.9201 7.5509 7.4207 7.4751 6.4217 3.1071 0.1964 -4.8800 -5.5221 -4.4291 -5.4795 -9.8800 -10.8594 -7.4357 -4.6178 -2.6539 -2.9449 -4.1605 -4.7702 -5.7683 -6.2026 -6.6581 -7.1747 -7.3988 -8.1999 -8.1597 -9.3885 -8.3719 -7.3030 -6.5549 -4.9609 -1.5604 0.9354 1.4766 1.7040 1.8987 2.1155 2.3634 2.6905 3.0233
9.9750 10.0000 10.0000 10.0000 10.0000 10.0000 10.0000 10.0000 10.0000 10.0000 10.0000 10.0000 10.0000 10.0000 10.0000 10.0000 10.0000 10.0000 9.9777 9.9589 9.9478 9.9441 9.9463 9.9534 9.9651 9.9779 9.9190 9.6217 9.1976 8.9192 8.8097 8.8706 9.1350 7.6140 3.6165 0.1200 0.1200 -0.2718 -2.6664 -2.4120 -4.6079 -10.3748 -10.2244 -6.3374 -3.0511 -2.5019 -3.4609 -3.6419 -4.3962 -4.8175 -4.7117 -5.9230 -6.7288 -8.0005 -8.8732 -9.2396 -9.2169 -8.5856 -8.1935 -7.2347 -6.3081 -4.3233 -1.6834 -0.1467 0.4470 0.8464 1.2262 1.5741 1.8813
10.0000 10.0000 10.0000 10.0000 10.0000 10.0000 10.0000 10.0000 10.0000 10.0000 10.0000 10.0000 9.9984 9.9969 9.9980 10.0000 10.0000 9.9511 9.9180 9.8986 9.8879 9.8847 9.8848 9.8679 9.8440 9.8267 9.8258 9.8231 9.6878 9.5787 9.5715 9.6131 9.4246 8.2969 4.4232 0.1200 0.1200 0.1200 0.1200 -1.3590 -3.9431 -7.8399 -8.3129 -4.8623 -3.5095 -2.7987 -2.9867 -3.4467 -4.2718 -4.3101 -4.1224 -4.8057 -5.5470 -6.9412 -7.8960 -8.6005 -8.5438 -8.6011 -8.4732 -8.2351 -7.7763 -7.0104 -5.7029 -4.0232 -2.0520 -0.7963 0.1546 0.4698 0.7478
9.9500 10.0000 10.0000 10.0000 10.0000 10.0000 10.0000 10.0000 10.0000 10.0000 9.9929 9.9799 9.9658 9.9525 9.9402 9.9251 9.8998 9.8687 9.8412 9.8242 9.8148 9.7839 9.7128 9.6184 9.5104 9.3899 9.2647 9.1511 8.9576 8.8760 9.0077 9.2549 9.6010 9.0862 5.3888 0.4785 0.1092 0.1157 0.1056 0.1067 -0.9618 -2.8625 -4.4067 -3.9155 -3.4517 -2.8578 -2.3895 -2.8877 -3.1490 -3.3618 -3.7301 -4.1652 -5.6654 -6.1654 -6.7427 -7.2957 -7.6052 -8.0147 -8.2961 -8.4732 -8.3853 -8.0413 -7.4141 -6.3147 -5.1747 -3.9076 -2.8131 -1.9090 -1.2867
9.8723 10.0000 10.0000 10.0000 10.0000 10.0000 10.0000 10.0000 9.9998 9.9841 9.9596 9.9337 9.9084 9.8840 9.8598 9.8310 9.8005 9.7753 9.7534 9.7392 9.6958 9.5900 9.4438 9.2697 9.0728 8.8556 8.6526 8.4550 8.2191 8.0093 8.0089 8.2841 8.7877 9.6903 6.2766 1.5173 0.0900 0.6734 2.1846 1.2710 0.6555 0.8052 -2.7063 -2.6954 -2.2149 -1.6187 -1.2474 -1.3767 -1.7552 -2.4411 -3.1610 -3.4484 -4.2793 -5.0297 -4.5657 -6.8421 -7.0616 -7.3026 -8.0444 -8.3573 -8.1291 -7.7203 -7.3550 -6.9953 -6.3693 -5.8931 -5.3943 -4.9389 -4.4317
9.8337 9.9984 10.0000 10.0000 10.0000 10.0000 10.0000 10.0000 9.9809 9.9475 9.9138 9.8792 9.8442 9.8089 9.7730 9.7355 9.7027 9.6784 9.6585 9.6285 9.5159 9.3397 9.1207 8.8701 8.5906 8.2977 8.0180 7.7366 7.4333 7.1292 6.9599 7.0446 7.3435 7.5210 5.6169 1.5997 0.0900 2.0541 5.6144 6.1990 0.5774 1.0615 -0.6163 -1.8177 -0.8609 -0.0590 0.9474 0.2538 0.0509 -0.4508 -1.6895 -1.9359 -2.7007 -3.8017 -3.8636 -5.5898 -5.2932 -6.1094 -7.0285 -7.4721 -7.5868 -7.4778 -7.1573 -7.0489 -6.9543 -6.8453 -6.5701 -6.2617 -6.1589
