msi.gama.models/models/Toy Models/Waterflow/includes/DEM_100m_PP.asc
ncols         79
nrows         67
xllcorner     489820.880
yllcorner     1276483.428
cellsize      100.00000
[rows 0 to 29 of 67, columns 0 to 68 of 79]
12.5344 12.5566 12.6138 12.7023 12.7677 12.8100 12.8318 12.8345 12.8171 12.6478 11.9842 9.6985 6.3827 3.0179 -1.1736 -5.7124 -7.0168 -6.9550 -4.1554 6.2741 9.0294 7.4070 5.9283 4.6279 3.3991 2.2186 1.0091 -2.2436 -4.0844 -2.9404 -3.5114 -3.8444 -4.0240 -5.3376 -8.0326 -11.1220 -13.4510 -11.5539 -4.8892 0.3138 -0.4203 -0.8501 -1.7406 -4.3690 -2.2121 5.7100 8.8649 10.1905 10.8411 11.2691 11.5643 11.7592 11.8682 11.8855 11.7531 11.6171 11.4981 11.2778 11.0683 10.8749 10.6939 10.5519 10.4733 10.4364 10.4248 10.4306 10.4481 10.4737 10.5053
12.6311 12.6406 12.6708 12.7394 12.8057 12.8508 12.8788 12.8926 12.8944 12.8820 12.6128 10.2821 6.8117 3.2695 -0.6022 -5.4444 -7.1150 -7.0916 -3.1650 4.5606 5.4952 5.1942 4.5212 3.7196 2.8413 1.8997 0.9346 -0.1686 -4.8800 -4.2857 -3.9235 -3.6038 -3.6775 -5.1455 -7.1671 -10.5515 -13.9814 -12.1696 -7.0583 0.0336 -0.3434 -1.5323 -2.7440 -3.8969 -0.9233 8.3884 10.4015 10.7561 11.0012 11.2708 11.5177 11.7066 11.7978 11.6932 11.4206 11.4207 11.3091 11.1231 10.9409 10.7664 10.6015 10.4773 10.4086 10.3768 10.3677 10.3751 10.3940 10.4201 10.4517
12.7163 12.7186 12.7387 12.7846 12.8511 12.8971 12.9167 12.8572 12.7550 12.6628 12.6251 10.4781 6.8314 3.3121 -0.4323 -5.8708 -7.4832 -7.0250 -3.0694 2.3211 3.3721 3.6883 3.5570 3.1612 2.5800 1.8564 1.0308 0.2068 -3.1377 -4.8990 -4.1632 -3.6577 -3.8539 -5.1063 -7.3441 -10.1493 -13.4897 -11.9213 -6.4116 -0.0287 -0.3944 -1.7169 -3.5313 -2.8160 -0.2654 11.6875 10.5335 10.4749 10.7057 11.0103 11.3015 11.5294 11.5694 11.3811 11.1687 11.2224 11.1326 10.9773 10.8189 10.6637 10.5144 10.4051 10.3448 10.3173 10.3106 10.3190 10.3387 10.3655 10.3972
12.7918 12.7899 12.8050 12.8374 12.9007 12.8923 12.7085 12.4142 12.0461 11.6043 10.7252 9.0578 6.4436 2.8041 -1.3584 -6.4664 -7.6015 -6.5177 -2.4892 1.0143 2.2425 2.8614 3.0584 2.9481 2.6020 2.0650 1.3789 0.6241 -1.2592 -4.9218 -4.8853 -4.7601 -4.4353 -4.9246 -6.9909 -10.3560 -14.0766 -12.6924 -9.9780 -2.4593 -1.1837 -2.1475 -3.5208 -2.2090 2.0484 9.1333 9.6716 9.8905 10.2437 10.6332 10.9987 11.2381 11.2312 10.9863 10.9416 11.0303 10.9667 10.8416 10.7034 10.5662 10.4320 10.3351 10.2820 10.2583 10.2536 10.2630 10.2830 10.3103 10.3422
12.8596 12.8550 12.8684 12.8947 12.9161 12.6469 12.2078 11.6702 11.0195 10.1605 8.9166 7.3893 5.4194 2.2492 -4.9355 -7.2001 -7.7496 -6.7531 -3.0176 0.5968 1.7713 2.5619 2.9772 3.0796 2.9173 2.5279 1.9562 1.2946 0.3204 -6.0019 -4.7121 -4.9803 -4.2978 -4.6689 -7.1504 -10.4039 -13.2557 -13.7002 -10.9007 -2.4959 -1.3525 -2.6499 -4.1350 -1.7614 3.6831 7.1201 8.3604 9.0896 9.6617 10.1734 10.6260 10.8591 10.8335 10.6413 10.7207 10.8439 10.8096 10.7124 10.5955 10.4738 10.3536 10.2672 10.2201 10.1999 10.1971 10.2074 10.2276 10.2551 10.2871
12.9222 12.9148 12.9279 12.9564 12.7226 12.2204 11.6053 10.8699 9.9625 8.8402 7.5386 6.0348 4.2910 1.9375 -2.6418 -7.3964 -7.6589 -6.3226 -5.0589 0.8086 1.8159 2.6951 3.2754 3.5547 3.5452 3.2723 2.7898 2.1594 1.0334 -5.1227 -4.9928 -4.8770 -4.6004 -4.7415 -6.0051 -8.8209 -13.1758 -14.3885 -11.1437 -4.4389 -2.5718 -3.5948 -4.7934 -2.6518 2.7197 5.6961 7.1848 8.1782 8.9663 9.6437 10.2005 10.4540 10.4101 10.3429 10.5077 10.6623 10.6594 10.5883 10.4931 10.3870 10.2793 10.2015 10.1596 10.1424 10.1413 10.1525 10.1729 10.2003 10.2324
12.9710 12.9642 12.9733 12.9410 12.3976 11.7589 11.0063 10.1226 9.0988 7.9251 6.5929 5.0838 3.3995 1.4979 -4.0950 -7.9566 -7.4362 -5.7958 -2.2222 1.2379 2.3227 3.2347 3.9593 4.4088 4.5414 4.3581 3.9107 3.1239 1.7706 0.1212 -5.4959 -5.3256 -4.6324 -4.8816 -6.5602 -9.6163 -12.9933 -14.5684 -12.0295 -5.8192 -2.5373 -4.4748 -4.6398 -4.0661 1.9641 4.5851 6.1848 7.3539 8.3045 9.1321 9.7822 10.0529 9.9805 10.0701 10.3019 10.4866 10.5146 10.4684 10.3938 10.3047 10.2091 10.1385 10.1008 10.0861 10.0866 10.0984 10.1191 10.1464 10.1784
12.9904 12.9731 12.9588 12.7592 12.1942 11.4892 10.6206 9.6396 8.5405 7.3101 5.9395 4.4217 2.7518 0.9464 -5.2726 -8.8370 -7.3041 -5.2638 -1.2405 1.5405 3.0359 4.1734 5.0807 5.7241 5.9975 5.8151 5.1819 4.0964 2.5258 0.8887 -5.0755 -5.3017 -5.1221 -5.5151 -6.2673 -10.3308 -13.5541 -15.6347 -13.1316 -8.5015 -4.6834 -4.6837 -3.1578 -0.0032 1.3521 3.6685 5.3201 6.6004 7.6861 8.6512 9.3911 9.6726 9.5834 9.8188 10.1055 10.3174 10.3740 10.3518 10.2970 10.2244 10.1424 10.0783 10.0440 10.0315 10.0332 10.0456 10.0665 10.0937 10.1253
12.9855 12.9529 12.9061 12.6287 12.0593 11.3496 10.4701 9.3941 8.2110 6.9202 5.5123 3.9831 2.3351 0.6087 -5.5579 -9.2715 -7.4309 -4.9873 -0.6045 1.7163 3.5752 5.1187 6.4096 7.4089 7.8372 7.4481 6.4147 4.9100 3.2710 1.5309 -0.9998 -5.5574 -5.9372 -6.0006 -6.8477 -9.8709 -13.4967 -15.7644 -14.8962 -11.3308 -5.2347 -2.4877 -4.9062 0.1906 0.8807 2.8220 4.5094 5.8773 7.0776 8.1776 9.0392 9.3261 9.2346 9.5889 9.9214 10.1541 10.2361 10.2375 10.2021 10.1455 10.0773 10.0203 9.9897 9.9789 9.9816 9.9944 10.0154 10.0424 10.0736
12.9607 12.9095 12.8291 12.5463 11.9993 11.2944 10.4234 9.3317 8.0629 6.7098 5.2634 3.7237 2.1053 0.5414 -6.5998 -9.8556 -7.7829 -4.6035 0.0255 1.9143 3.7761 5.6383 7.4425 9.0951 10.0242 8.8599 7.2673 5.6786 4.0701 2.4434 0.8804 -3.9690 -6.4452 -6.1571 -7.1896 -9.5239 -13.8201 -15.7098 -15.3356 -12.2605 -7.4598 -4.7706 -2.5468 0.2209 0.5525 1.9864 3.6716 5.1226 6.4362 7.6785 8.7331 9.0353 8.9248 9.3830 9.7513 9.9934 10.0995 10.1246 10.1084 10.0681 10.0135 9.9635 9.9369 9.9284 9.9321 9.9452 9.9661 9.9929 10.0234
12.9166 12.8451 12.7572 12.5061 12.0235 11.3382 10.4806 9.4001 8.0691 6.6541 5.1701 3.6230 2.0584 0.5430 -7.5625 -10.0587 -8.3851 -4.0059 0.3039 2.1126 4.0178 5.9748 7.9208 9.7803 10.1989 8.9776 7.4827 6.0275 4.5991 3.1791 1.7244 0.2220 -2.8034 -5.6504 -8.5981 -9.7361 -12.5931 -14.9126 -15.0844 -12.0912 -8.3028 -4.2548 -4.8610 0.2321 0.4683 1.2853 2.7104 4.2485 5.6790 7.0835 8.4561 8.8369 8.6499 9.2040 9.5904 9.8282 9.9628 10.0124 10.0157 9.9921 9.9513 9.9083 9.8851 9.8786 9.8838 9.8977 9.9187 9.9453 9.9748
12.8539 12.7737 12.6889 12.4962 12.0981 11.4913 10.6640 9.5938 8.2195 6.7455 5.2304 3.6974 2.1491 0.5180 -9.9783 -10.1064 -8.6516 -3.4210 0.4405 2.4051 4.4976 6.5865 8.5176 9.4031 9.3599 8.6037 7.3892 6.0910 4.7919 3.4908 2.1973 0.8405 -1.1853 -3.8639 -9.8800 -9.8230 -11.4181 -14.1817 -15.4238 -12.3020 -9.2441 -5.4349 -3.5841 0.2184 0.4622 0.8651 1.8253 3.1865 4.6924 6.2364 7.9540 8.8260 8.4150 9.0509 9.4102 9.6552 9.8245 9.9002 9.9247 9.9181 9.8906 9.8547 9.8345 9.8299 9.8366 9.8513 9.8726 9.8989 9.9275
12.7845 12.7000 12.6153 12.4937 12.1982 11.7052 10.9706 9.9347 8.5203 6.9945 5.4418 3.8583 2.2259 0.4465 -10.3985 -10.3395 -8.1984 -3.2006 0.6397 2.8941 5.1525 7.3455 8.6193 9.0308 8.8908 8.3044 7.3505 6.1941 5.0068 3.7870 2.5301 1.2472 -0.1334 -3.0939 -9.9954 -9.8800 -12.5279 -15.5574 -15.8464 -12.6922 -8.7914 -6.3486 -6.1986 0.1763 0.4922 0.9125 1.4200 2.2510 3.3813 4.8223 6.8438 9.3565 8.2499 8.8100 9.1944 9.4780 9.6840 9.7899 9.8361 9.8456 9.8315 9.8036 9.7860 9.7830 9.7910 9.8066 9.8282 9.8534 9.8808
12.7117 12.6273 12.5424 12.4572 12.2906 11.9420 11.3457 10.3561 8.8746 7.2844 5.6620 4.0018 2.2562 0.4204 -10.3848 -10.4467 -8.0487 -3.4663 0.9969 3.5245 5.9322 7.9004 8.7097 8.9180 8.7244 8.1988 7.3816 6.3508 5.2654 4.1325 2.9454 1.6976 0.3811 -2.1246 -9.9539 -10.8375 -13.7338 -17.2653 -17.1251 -13.9495 -10.2960 -8.4906 -6.6655 0.0956 0.6547 1.2619 1.7715 2.1381 2.4589 2.7645 3.0964 6.6529 6.8994 8.3430 8.9512 9.3030 9.5477 9.6842 9.7505 9.7758 9.7748 9.7565 9.7410 9.7393 9.7483 9.7645 9.7852 9.8090 9.8350
12.6401 12.5556 12.4705 12.3850 12.2990 12.1440 11.7747 10.8365 9.2219 7.5465 5.8387 4.0778 2.2784 0.4712 -9.5210 -10.9035 -8.9938 -4.9689 1.3770 4.2154 6.8103 8.4267 8.9582 9.0171 8.7634 8.2503 7.4938 6.5561 5.5596 4.5078 3.3949 2.2073 0.9530 -1.0612 -9.9859 -11.7443 -14.7465 -17.7868 -18.5235 -16.5528 -13.7355 -10.2673 -6.6848 -2.2888 0.9613 1.8640 2.6260 3.2397 3.6987 3.9916 4.5610 5.9661 6.5188 7.8356 8.7335 9.1529 9.4238 9.5858 9.6708 9.7113 9.7230 9.7147 9.7016 9.7005 9.7098 9.7250 9.7439 9.7658 9.7902
12.5697 12.4850 12.3998 12.3140 12.2277 12.1409 12.0534 11.2506 9.5299 7.7680 5.9704 4.1544 2.3527 0.5831 -7.3099 -10.1057 -9.3242 -3.6805 1.7479 4.9895 7.7664 9.0668 9.3511 9.2644 8.9374 8.4055 7.6697 6.8128 5.8994 4.9271 3.8871 2.7673 1.5548 0.3586 -10.0532 -12.5575 -15.9141 -18.7882 -19.4948 -17.3620 -13.4384 -9.3511 -5.1176 -1.2582 1.3568 2.7907 3.9284 4.9370 5.9328 6.7804 7.0583 7.6855 7.6160 8.0563 8.7170 9.0787 9.3312 9.5056 9.6048 9.6577 9.6803 9.6814 9.6710 9.6688 9.6752 9.6878 9.7042 9.7240 9.7464
12.5024 12.4156 12.3302 12.2447 12.1626 12.0847 12.0058 11.3549 9.9018 8.0993 6.2376 4.3484 2.4524 0.6702 -8.8286 -10.5469 -10.2259 -5.5846 1.6758 5.7019 8.8292 9.8411 9.7858 9.4707 9.0551 8.5157 7.8507 7.1148 6.2914 5.3973 4.4335 3.3848 2.2282 0.9618 -1.8798 -10.6994 -16.2785 -19.6706 -19.7843 -17.2088 -11.8323 -7.0500 -4.2946 -1.5262 2.0148 4.1613 5.5962 6.9204 8.4419 9.5544 9.2443 9.2552 8.6875 8.4085 8.9702 9.1806 9.3327 9.4740 9.5701 9.6264 9.6540 9.6599 9.6499 9.6421 9.6439 9.6529 9.6665 9.6836 9.7038
12.4413 12.3483 12.2622 12.1826 12.1110 12.0495 11.9207 11.3017 10.1405 8.5627 6.6459 4.6707 2.6477 0.5799 -10.3589 -10.9782 -10.7649 -8.6618 1.4252 5.6529 9.9161 10.3713 9.8363 9.4112 8.9848 8.5090 7.9870 7.4009 6.7239 5.9252 5.0442 4.0773 2.9868 1.6397 -4.9150 -10.9141 -16.9173 -20.1735 -20.2484 -19.4275 -13.7834 -10.5085 -6.3435 -2.3857 4.6300 6.0025 7.3096 8.6297 10.0000 10.0000 10.0000 10.0000 9.5776 9.1708 9.3343 9.3337 9.3869 9.4779 9.5613 9.6121 9.6378 9.6438 9.6340 9.6201 9.6161 9.6205 9.6307 9.6449 9.6624
12.3850 12.2851 12.1984 12.1281 12.0696 12.0245 11.8867 11.3417 10.3681 8.9912 7.1535 5.1025 2.9862 0.7004 -10.0938 -11.1602 -10.8665 -6.9895 0.6610 4.6908 8.4633 9.5575 9.2956 9.0190 8.7510 8.4543 8.1044 7.6846 7.1681 6.5192 5.7385 4.8764 3.8752 2.3924 -2.7893 -10.3737 -15.4510 -19.8917 -20.3378 -20.4290 -17.5270 -14.0503 -8.2501 -5.7504 10.0000 9.1505 9.4122 10.0000 10.0000 10.0000 10.0000 10.0000 10.0000 9.9630 9.7808 9.5136 9.4674 9.4997 9.5607 9.6038 9.6261 9.6312 9.6217 9.6030 9.5921 9.5910 9.5970 9.6078 9.6223
12.3312 12.2237 12.1368 12.0775 12.0338 12.0063 11.9202 11.4901 10.6836 9.4709 7.7387 5.6333 3.4677 1.1954 -3.0461 -9.2532 -9.8191 -7.5552 -4.3066 2.8637 6.2184 8.0638 8.4396 8.4948 8.4684 8.3811 8.2231 7.9880 7.6515 7.1771 6.5407 5.8288 4.9363 3.2331 0.1685 -8.8904 -13.7148 -17.9890 -20.6686 -20.8899 -19.1972 -15.5176 -10.2494 -5.7970 3.4127 9.7040 8.8131 9.0604 9.7301 9.9973 9.9580 10.0000 10.0000 10.0000 9.9386 9.7115 9.5701 9.5417 9.5662 9.6002 9.6180 9.6212 9.6117 9.5912 9.5722 9.5645 9.5655 9.5724 9.5836
12.2795 12.1627 12.0749 12.0308 12.0066 12.0000 11.9852 11.7257 11.1170 10.0683 8.3784 6.2290 4.0377 1.8569 -3.9198 -8.9715 -8.8932 -7.9576 -4.0329 0.4343 4.0466 6.2636 7.4064 7.8808 8.1454 8.3029 8.3632 8.3305 8.1969 7.9212 7.4826 7.0042 6.2174 4.3848 1.0967 -4.5587 -12.4086 -16.5018 -20.0624 -20.3544 -19.8189 -15.3435 -9.4407 -4.9998 -0.4222 5.3301 6.2442 7.1986 7.9285 8.4159 8.8066 9.1574 9.5019 9.7714 9.8518 9.8505 9.6806 9.5981 9.5815 9.5989 9.6118 9.6128 9.6027 9.5824 9.5569 9.5414 9.5362 9.5386 9.5461
12.2339 12.1038 12.0140 11.9992 11.9948 11.9937 11.9961 11.9588 11.6478 10.8314 9.0458 6.8441 4.6203 2.3794 0.2321 -4.1696 -7.1241 -6.9886 -5.0789 -3.7091 2.0948 4.4046 6.1241 7.1412 7.7685 8.2119 8.5285 8.7269 8.8155 8.7695 8.5863 8.4617 7.9850 6.2539 3.0524 -3.4826 -10.5555 -15.3204 -19.7737 -20.6655 -19.8929 -15.5067 -10.1537 -5.3566 -1.1569 2.5482 4.3814 5.5887 6.4458 7.2082 7.8662 8.4499 8.9699 9.4000 9.6603 9.7535 9.7542 9.6557 9.6055 9.5963 9.6046 9.6039 9.5936 9.5739 9.5461 9.5217 9.5094 9.5064 9.5098
12.1921 12.0597 11.9817 11.9620 11.9506 11.9455 11.9496 11.9627 11.9828 11.8026 9.6944 7.4358 5.1862 2.8963 0.5322 -2.3100 -5.1242 -6.1354 -4.2723 -4.8791 0.3435 2.6295 4.5862 6.1451 7.2570 8.0645 8.6867 9.1600 9.4842 9.6174 9.7176 10.0000 9.8280 9.9336 9.9342 0.3969 -9.6505 -14.6695 -19.3883 -20.2268 -19.5593 -16.2290 -12.1639 -7.3462 -2.5672 1.0767 3.1101 4.3908 5.4192 6.3133 7.1053 7.8216 8.4692 9.0254 9.4165 9.6019 9.6779 9.6819 9.6257 9.5956 9.5915 9.5913 9.5818 9.5635 9.5370 9.5059 9.4853 9.4758 9.4745
12.1476 12.0383 11.9642 11.9207 11.8990 11.8843 11.8774 11.8811 11.8907 11.4921 9.9149 7.7611 5.6298 3.5101 1.3192 -0.8651 -4.1103 -7.9967 -6.6050 -5.2456 -3.2831 1.0347 3.0652 4.8770 6.4253 7.6961 8.7053 9.4709 9.9628 10.0117 9.3808 8.4897 7.5862 6.5923 4.8485 -3.2579 -10.1816 -14.7586 -20.1284 -21.1204 -19.7498 -15.7305 -10.3308 -5.8594 -2.7719 0.4929 2.2736 3.5471 4.6313 5.5852 6.4515 7.2484 7.9860 8.6445 9.1541 9.4238 9.5552 9.6100 9.6157 9.5870 9.5705 9.5693 9.5636 9.5485 9.5250 9.4936 9.4640 9.4471 9.4401
12.1084 12.0111 11.9358 11.8797 11.8419 11.8163 11.7966 11.7842 11.6188 11.0433 9.8712 7.9321 5.9402 3.9883 2.0859 0.2350 -2.5195 -6.1188 -8.4202 -6.9128 -5.4175 -0.6067 1.7546 3.6232 5.4098 7.0633 8.5327 9.6732 9.9848 9.2820 8.3824 7.3810 6.1896 4.7591 2.9243 -3.0565 -10.1414 -14.6316 -19.1751 -20.3187 -20.0573 -15.7750 -9.8155 -4.5986 -2.3490 0.0968 1.6680 2.8986 3.9809 4.9607 5.8688 6.7179 7.5178 8.2585 8.8806 9.2357 9.4215 9.5086 9.5379 9.5472 9.5381 9.5320 9.5328 9.5246 9.5065 9.4797 9.4461 9.4202 9.4066
12.0676 11.9749 11.8977 11.8345 11.7847 11.7471 11.7153 11.6648 11.3884 10.7826 9.7323 8.0639 6.2024 4.4000 2.6671 1.0338 0.1200 -4.0704 -7.0249 -7.3963 -6.7845 -4.2032 0.6775 2.6535 4.6251 6.6747 8.9497 10.0000 9.5245 8.7492 7.8251 6.7732 5.5189 4.0010 2.1443 -0.7978 -9.2418 -13.8969 -18.2496 -20.4905 -20.4317 -18.1759 -13.2199 -5.8068 -3.3101 -0.7300 1.1501 2.3474 3.4196 4.4075 5.3376 6.2210 7.0637 7.8678 8.5930 9.0475 9.2871 9.4058 9.4486 9.4594 9.4725 9.4788 9.4817 9.4853 9.4771 9.4579 9.4290 9.3958 9.3741
12.0222 11.9314 11.8526 11.7844 11.7265 11.6787 11.6362 11.5512 11.2469 10.6564 9.6721 8.1705 6.4243 4.7503 3.1506 1.6492 0.3944 -1.3523 -5.4545 -6.6545 -7.0280 -6.5997 -5.6512 1.3462 3.6606 6.2666 8.9868 9.8663 9.2816 8.4998 7.5558 6.4772 5.2154 3.7258 1.9806 0.1869 -8.7344 -12.9693 -16.7157 -19.2978 -20.0446 -20.1454 -18.0157 -14.0548 -6.9290 -2.1661 0.7289 1.8753 2.9257 3.9121 4.8517 5.7554 6.6264 7.4741 8.2723 8.8616 9.1604 9.3076 9.3602 9.3700 9.3819 9.3961 9.4110 9.4218 9.4292 9.4227 9.4037 9.3739 9.3432
11.9727 11.8830 11.8027 11.7307 11.6667 11.6104 11.5580 11.4681 11.1807 10.6277 9.6884 8.2641 6.6325 5.0792 3.6007 2.2126 1.0004 0.1420 -2.9073 -5.0030 -6.0489 -6.7570 -5.8726 -3.2496 2.4609 6.2363 9.4650 9.7817 9.1980 8.4377 7.5193 6.4416 5.1953 3.7558 2.1382 0.3922 -6.8835 -12.3179 -15.2745 -18.1280 -19.6515 -20.2209 -19.9616 -13.2335 -6.0443 -2.0114 0.4252 1.4747 2.4949 3.4710 4.4114 5.3237 6.2119 7.0821 7.9305 8.6681 9.0476 9.2200 9.2720 9.2832 9.2960 9.3095 9.3239 9.3384 9.3528 9.3647 9.3617 9.3443 9.3148
11.9202 11.8317 11.7511 11.6766 11.6078 11.5435 11.4811 11.4063 11.1714 10.6761 9.7684 8.3606 6.8483 5.4172 4.0541 2.7713 1.6087 0.4729 -1.8944 -3.7501 -4.7992 -5.7300 -6.1906 -6.3025 -0.8483 9.6184 10.0000 9.7738 9.2392 8.5318 7.6701 6.6436 5.4402 4.0511 2.4631 0.6290 -3.9812 -11.7937 -14.6571 -17.5899 -18.9690 -19.2200 -16.9630 -12.1996 -5.7651 -1.8749 0.2220 1.1582 2.1322 3.0887 4.0209 4.9322 5.8274 6.7073 7.5721 8.4062 8.9521 9.1466 9.1843 9.1993 9.2147 9.2292 9.2426 9.2558 9.2688 9.2814 9.2934 9.2941 9.2796
11.8684 11.7829 11.7029 11.6272 11.5552 11.4842 11.4126 11.3409 11.1924 10.7902 9.8906 8.4836 7.1346 5.8763 4.6564 3.4740 2.3029 1.0903 -0.2323 -1.0375 -3.5108 -4.7236 -6.7216 -6.0229 -4.5070 0.7828 8.2665 9.8572 9.3811 8.6955 7.9438 7.0419 5.8997 4.5364 2.9212 0.9212 -2.9905 -11.8822 -14.2304 -17.2725 -18.4827 -18.4068 -15.8925 -11.6116 -4.7333 -2.3430 -0.0119 0.8985 1.8354 2.7688 3.6873 4.5903 5.4785 6.3532 7.2150 8.0667 8.8592 9.0815 9.1014 9.1225 9.1415 9.1579 9.1716 9.1831 9.1933 9.2032 9.2128 9.2220 9.2263
