msi.gama.models/experimental_models/3D/True3D/includes/Reunion/mnt_reunion_asc.asc
ncols         655
nrows         584
xllcorner     314226,7734
yllcorner     7633602,1874
cellsize      100
NODATA_value  -9999
[rows 205 to 245 of 584, columns 0 to 92 of 655]
0 0 0 0 0 0 0 0 0 2 9 19 38 50 59 74 89 108 111 119 115 103 100 91 67 69 95 100 41 50 72 122 155 158 165 173 180 198 221 228 239 247 254 260 265 269 269 259 277 289 294 305 321 332 340 350 359 366 373 378 380 380 384 390 400 408 414 420 441 449 445 446 452 459 466 481 497 508 520 530 531 540 557 572 586 591 585 601 624 636 649 663 670
0 0 0 0 0 0 0 0 0 0 7 17 31 34 37 46 61 78 77 80 95 97 99 84 31 29 28 38 107 121 129 138 155 162 166 172 181 201 221 231 244 250 258 264 270 273 277 282 272 274 300 307 320 333 342 349 363 371 377 383 390 390 392 391 399 408 417 425 441 454 460 457 458 468 475 488 498 511 525 536 540 543 559 574 584 600 614 595 606 619 648 677 688
0 0 0 0 0 0 0 0 0 0 4 20 19 10 11 22 35 45 38 43 40 50 58 52 18 35 60 95 95 118 123 135 154 163 169 175 183 195 209 228 242 251 258 266 270 279 282 289 294 295 297 309 318 330 341 349 359 366 375 387 394 399 399 400 408 416 419 427 437 460 481 472 477 479 481 500 514 511 527 543 555 556 559 577 597 623 621 647 621 655 646 676 701
0 0 0 0 0 0 0 0 0 0 0 5 7 7 9 7 14 13 13 18 24 31 45 27 18 43 52 82 100 121 136 144 151 158 165 175 185 205 220 229 237 246 251 263 278 284 292 296 300 305 305 301 315 318 328 338 345 353 367 383 390 400 408 411 415 424 428 433 441 458 482 488 498 505 505 513 522 530 536 549 568 577 578 585 604 623 642 643 656 652 694 701 682
0 0 0 0 0 0 0 0 0 0 0 0 3 5 6 7 7 7 8 10 15 24 33 33 16 46 46 44 86 116 144 159 163 171 173 167 170 178 194 208 221 245 256 266 279 293 301 303 309 310 313 314 318 333 321 341 351 359 360 370 382 385 400 403 409 424 431 434 442 454 469 484 501 512 516 525 534 545 555 567 578 590 595 594 608 626 646 663 680 687 694 700 716
0 0 0 0 0 0 0 0 0 0 0 0 1 3 4 4 5 6 8 10 10 20 7 10 25 39 56 63 61 111 144 155 158 156 159 170 182 188 190 191 213 250 267 277 295 300 307 310 315 317 320 319 334 343 344 337 340 335 365 372 384 396 399 408 422 421 427 430 432 454 474 483 494 501 512 527 537 555 569 575 583 589 599 612 623 626 645 665 688 703 714 704 726
0 0 0 0 0 0 0 0 0 0 0 0 0 1 1 1 4 8 11 12 23 33 39 47 52 61 74 90 77 88 130 136 142 147 155 161 170 192 205 209 216 229 265 286 303 310 319 325 325 331 334 330 343 348 352 357 358 369 368 358 375 392 403 411 421 430 435 440 444 440 466 477 485 494 493 502 525 536 550 560 578 585 597 614 628 638 651 670 688 704 716 726 721
0 0 0 0 0 0 0 0 0 0 0 0 0 0 0 3 10 15 13 14 24 35 44 50 60 66 83 104 118 127 131 137 141 147 152 158 162 171 186 210 232 254 281 295 304 310 318 332 338 342 344 342 341 355 358 368 383 384 382 362 388 398 398 409 419 427 435 441 449 453 451 450 466 472 487 499 514 522 535 550 563 581 593 610 623 636 645 655 668 690 708 732 742
0 0 0 0 0 0 0 0 0 0 0 0 0 0 10 21 26 35 35 20 30 38 49 57 64 76 92 107 122 129 133 139 146 154 159 163 169 171 183 205 230 249 269 290 305 316 326 336 344 347 350 349 350 361 371 381 389 393 390 363 386 403 413 415 412 419 432 442 448 456 466 475 478 482 479 481 496 518 533 549 556 572 584 597 616 623 639 659 677 682 704 720 734
0 0 0 0 0 0 0 0 0 0 0 0 2 8 16 26 35 40 40 28 34 42 54 63 74 87 104 116 125 131 138 141 154 162 166 170 176 181 195 205 223 239 256 269 289 323 341 343 345 351 355 357 361 370 379 384 391 395 396 394 383 407 414 422 425 423 426 434 444 455 471 475 482 489 496 511 512 520 541 560 579 587 598 605 616 631 640 651 668 681 704 716 735
0 0 0 0 0 0 0 0 0 0 0 1 6 9 15 21 42 51 44 34 35 45 57 69 81 95 108 120 128 135 142 151 161 169 174 178 185 192 204 212 224 233 246 265 287 316 344 345 350 354 357 363 370 375 383 387 393 397 402 404 402 399 422 424 428 431 432 436 440 453 463 470 482 492 502 513 534 546 544 563 569 587 599 616 627 641 656 668 681 688 703 713 734
0 0 0 0 0 0 0 0 0 0 0 2 6 8 15 26 52 54 51 44 41 51 57 70 85 101 115 126 131 139 149 158 167 175 180 187 194 196 201 216 229 236 249 261 279 297 324 341 349 357 361 364 371 376 382 389 396 401 405 410 409 398 421 428 432 436 439 438 446 451 470 475 482 492 505 525 542 548 564 557 580 593 607 616 633 645 649 666 685 702 713 723 737
0 0 0 0 0 0 0 0 0 0 0 3 5 8 10 35 54 62 68 61 52 48 53 69 81 103 119 129 137 142 155 164 173 179 187 193 199 205 211 217 226 238 249 261 279 304 325 344 352 360 364 368 373 378 383 390 397 403 408 414 418 420 407 424 434 438 445 449 452 464 473 479 486 495 507 531 545 558 565 577 573 591 611 624 636 651 656 666 688 700 717 735 750
0 0 0 0 0 0 0 0 0 0 0 3 6 6 18 48 59 70 77 76 68 61 67 85 105 112 126 131 137 146 157 167 177 184 192 200 205 211 217 226 233 239 249 272 287 307 331 345 350 358 365 370 375 381 386 391 397 404 410 416 422 427 432 433 412 434 447 455 464 467 481 487 490 501 515 538 554 565 576 582 592 610 618 628 634 654 668 681 681 701 714 731 757
0 0 0 0 0 0 0 0 0 0 0 3 7 15 39 51 68 76 81 87 95 85 90 110 120 125 130 135 139 145 159 168 176 191 198 206 211 217 223 232 242 248 268 285 296 309 324 340 345 355 361 367 373 379 385 391 398 405 412 419 424 430 435 437 441 433 426 453 469 479 489 493 500 510 520 543 555 570 583 595 604 620 628 640 650 655 662 669 694 699 710 732 756
0 0 0 0 0 0 0 0 0 0 0 4 9 31 46 51 67 73 87 101 111 111 108 123 132 134 139 145 150 151 161 174 190 197 206 211 218 223 231 246 254 252 271 284 297 307 320 335 345 352 360 365 369 376 382 388 394 399 409 419 427 433 437 442 445 448 445 431 466 483 492 501 511 522 528 541 556 569 586 601 614 627 638 644 656 667 681 687 691 709 724 737 750
0 0 0 0 0 0 0 0 0 0 0 4 7 26 49 59 61 68 81 104 118 123 123 130 138 141 145 153 162 170 175 185 197 205 213 219 228 240 246 258 264 267 274 280 289 303 314 326 341 351 355 359 367 372 374 382 387 395 401 411 421 427 433 441 447 452 459 470 469 470 496 508 511 522 529 542 552 569 586 603 618 629 638 654 665 675 689 699 695 710 723 733 743
0 0 0 0 0 0 0 0 0 0 0 4 8 37 51 63 67 77 87 100 113 123 129 139 145 152 152 158 171 177 186 192 198 204 214 223 232 243 253 260 266 272 281 287 291 300 312 321 327 338 339 346 354 360 371 376 385 396 406 417 424 426 432 442 451 456 460 473 483 468 494 504 515 526 538 539 551 573 584 595 603 624 641 661 680 685 697 706 711 716 711 717 729
0 0 0 0 0 0 0 0 0 0 1 5 7 41 53 64 68 83 93 99 102 111 129 142 151 154 157 160 172 180 188 195 201 207 215 224 235 244 253 259 266 273 279 288 298 303 311 318 325 333 341 346 353 361 370 380 389 399 408 423 432 436 442 446 451 460 469 476 488 499 504 515 494 525 537 551 557 567 575 586 605 622 641 661 680 692 697 706 719 727 730 733 742
0 0 0 0 0 0 0 0 0 0 1 5 8 20 40 57 67 85 91 93 96 104 130 142 150 154 157 161 169 176 186 194 201 210 218 225 233 242 252 258 263 269 278 290 299 306 312 317 323 328 336 346 353 362 373 382 391 399 408 420 431 443 452 458 464 467 481 490 496 503 511 522 516 528 545 553 562 571 583 598 606 619 634 657 676 685 688 704 717 732 738 752 765
0 0 0 0 0 0 0 0 0 0 1 4 7 9 30 46 58 82 83 89 95 101 127 142 151 154 156 161 169 177 187 195 203 210 216 223 232 239 248 253 258 266 281 289 297 303 308 312 321 329 340 348 356 366 377 388 397 405 414 422 431 446 464 473 478 481 493 500 513 515 520 529 539 526 516 553 558 571 589 604 617 627 641 654 669 681 689 700 707 731 739 750 761
0 0 0 0 0 0 0 0 0 0 2 5 5 7 6 13 37 67 83 92 96 100 114 132 144 149 155 160 168 175 182 194 200 212 217 223 229 237 244 249 256 265 280 286 294 299 307 314 320 328 339 348 358 368 376 390 401 409 417 427 437 450 471 482 492 499 507 512 520 527 531 537 552 568 557 523 537 566 585 604 618 626 637 653 664 672 684 699 717 727 738 753 764
0 0 0 0 0 0 0 0 0 0 2 5 5 6 8 9 22 60 83 89 91 97 109 122 142 142 148 157 163 170 176 184 194 205 211 220 228 236 243 244 255 265 276 284 281 288 290 308 320 326 339 347 357 367 377 392 402 412 420 428 438 451 466 487 497 507 512 518 524 531 539 556 581 586 583 569 573 544 577 584 593 606 640 636 658 673 691 711 719 725 737 744 750
0 0 0 0 0 0 0 0 0 0 3 4 5 6 8 9 15 36 69 82 82 91 103 112 120 132 143 151 158 165 170 177 185 195 206 216 226 228 231 245 249 248 261 278 312 329 328 321 317 330 324 345 355 365 376 391 397 405 397 408 433 447 461 484 498 507 515 521 527 533 540 563 585 595 594 593 598 590 581 570 618 620 637 659 667 677 697 707 708 706 717 739 749
0 0 0 0 0 0 0 0 0 0 2 3 5 7 8 9 16 30 51 63 69 76 89 103 111 120 132 144 153 158 165 173 182 202 203 212 189 233 236 243 255 267 281 311 320 332 336 341 341 351 351 335 338 353 372 375 382 401 418 421 411 444 464 479 493 500 509 520 528 532 539 551 581 594 602 604 607 610 613 596 595 630 645 664 678 672 690 696 712 717 718 730 743
0 0 0 0 0 0 0 0 0 0 2 4 5 7 8 10 18 28 35 44 53 63 79 91 101 109 122 141 148 156 163 167 175 186 193 185 209 224 231 239 249 263 273 285 299 317 334 341 347 354 360 359 356 366 369 378 395 413 424 435 452 441 453 472 480 490 505 515 519 524 540 553 557 578 596 604 608 614 619 623 625 607 649 664 683 694 704 699 712 720 718 728 742
0 0 0 0 0 0 0 0 0 1 2 3 5 6 8 9 11 21 24 26 39 57 70 79 92 99 119 132 141 150 156 160 171 178 175 165 209 231 242 248 260 273 284 297 312 320 331 337 350 356 365 375 363 374 381 390 409 420 430 441 460 469 468 456 461 484 498 505 516 530 544 556 564 566 585 587 592 610 619 626 634 611 620 659 674 688 697 709 712 701 717 737 733
0 0 0 0 0 0 0 0 0 1 2 3 4 6 7 8 9 11 14 14 31 46 61 71 82 93 112 124 136 144 149 154 148 155 180 196 215 236 246 255 259 272 283 282 299 319 326 331 344 362 367 385 381 379 388 399 412 423 433 448 457 473 484 486 491 493 496 500 515 521 521 532 546 570 578 588 605 614 611 631 642 650 663 655 651 688 698 686 712 727 711 740 746
0 0 0 0 0 0 0 0 0 0 2 3 5 6 7 8 9 9 9 9 21 37 50 67 76 86 98 115 128 138 137 140 157 167 179 199 221 232 240 247 263 271 268 264 282 296 313 336 357 365 373 387 395 396 393 401 412 430 441 452 459 470 489 492 497 505 516 515 511 523 536 557 566 580 576 592 607 624 633 635 641 653 662 676 686 668 689 702 720 732 722 729 738
0 0 0 0 0 0 0 0 0 1 2 3 5 6 7 8 8 8 9 9 10 29 45 62 73 81 93 106 118 130 110 148 150 164 182 195 205 204 215 231 239 245 258 272 279 294 320 345 364 377 385 388 393 403 415 429 421 434 445 455 461 470 476 483 488 493 511 529 526 523 538 538 563 581 584 601 610 626 638 647 653 652 660 678 691 697 704 711 713 726 737 742 752
0 0 0 0 0 0 0 0 0 0 2 3 4 5 6 7 7 8 8 9 10 21 43 58 67 77 90 101 103 109 114 143 151 165 177 187 192 200 214 232 243 249 260 274 284 306 330 343 364 389 393 394 395 401 411 429 440 435 441 451 463 473 479 482 485 492 506 520 537 543 544 557 563 573 591 603 605 626 644 650 660 668 672 670 679 694 710 718 711 709 719 740 754
0 0 0 0 0 0 0 0 0 0 2 3 4 5 5 6 6 7 8 9 9 13 34 47 53 68 76 83 76 106 128 132 150 169 181 188 191 197 207 230 237 243 255 266 287 307 322 340 356 380 393 398 401 411 414 420 433 445 445 454 466 476 482 486 488 498 508 519 535 560 563 566 574 577 587 598 620 621 632 641 657 675 682 683 685 690 705 723 717 721 733 725 731
0 0 0 0 0 0 0 0 0 0 1 2 3 4 5 5 6 7 8 9 9 11 26 19 28 34 56 64 92 117 131 138 156 167 175 181 187 194 202 214 231 240 253 264 284 308 324 336 348 370 389 398 408 426 434 432 436 441 454 462 471 475 484 489 495 504 512 521 538 553 569 577 587 591 599 611 618 633 640 655 647 659 668 678 701 708 717 725 720 716 736 747 752
0 0 0 0 0 0 0 0 0 0 1 2 3 4 5 6 7 7 8 9 9 28 12 23 48 61 73 83 99 115 132 141 147 160 172 180 182 191 203 216 230 238 251 260 276 297 317 336 343 364 379 390 399 422 434 439 444 452 459 470 486 482 482 488 500 510 517 531 540 554 566 581 594 601 613 619 629 635 640 653 667 669 666 672 687 701 720 732 731 719 725 740 738
0 0 0 0 0 0 0 0 0 0 0 1 2 4 5 6 7 8 9 8 26 15 9 14 36 52 59 77 96 107 122 130 145 155 162 169 180 191 200 215 222 235 251 256 263 279 300 325 337 359 372 377 380 405 421 419 438 456 472 475 480 495 494 497 507 516 522 533 540 554 577 585 590 601 606 612 624 634 643 655 672 678 677 677 681 686 705 725 742 734 727 726 758
0 0 0 0 0 0 0 0 0 0 0 1 2 3 4 5 6 7 8 10 7 8 9 10 18 38 48 74 86 91 104 118 141 149 155 165 183 194 201 211 218 229 243 254 264 275 298 315 330 347 365 368 369 383 377 408 401 457 472 491 486 490 501 513 521 524 528 538 551 553 559 565 573 587 606 621 633 642 657 662 675 686 690 698 690 708 715 713 743 748 748 746 750
0 0 0 0 0 0 0 0 0 0 0 0 1 2 3 4 5 6 7 7 7 8 9 10 9 16 33 46 58 71 96 117 116 133 156 164 188 195 201 206 211 221 230 247 260 275 295 311 325 339 344 348 342 369 397 430 444 462 468 481 500 495 497 504 511 520 528 533 530 545 563 577 587 596 604 615 635 646 661 667 677 692 703 708 707 712 723 728 734 740 762 762 760
0 0 0 0 0 0 0 0 0 0 0 0 0 1 2 3 4 5 6 5 6 7 8 9 10 9 16 28 46 60 71 103 115 141 155 166 180 194 193 200 207 216 222 236 252 270 284 302 320 312 311 340 359 382 408 441 455 468 469 472 492 501 508 506 512 515 517 526 545 550 554 564 574 584 596 610 627 638 650 653 675 690 700 712 722 733 733 735 746 751 755 771 776
0 0 0 0 0 0 0 0 0 0 0 0 0 0 1 2 3 4 4 5 6 7 8 8 9 10 14 26 35 37 60 81 100 135 149 160 172 181 184 197 205 214 224 228 232 246 274 282 280 317 334 345 361 384 407 427 448 466 476 484 479 483 489 496 499 517 521 528 544 526 534 544 560 575 591 610 623 633 632 650 671 675 680 705 718 734 743 744 750 764 771 775 786
0 0 0 0 0 0 0 0 0 0 0 0 0 0 0 1 2 3 3 4 5 6 7 8 8 9 9 23 24 33 44 60 91 114 132 147 155 165 188 196 199 207 214 226 243 262 265 278 305 322 336 352 366 381 403 428 443 457 476 484 489 495 501 506 517 525 526 526 531 538 549 561 569 579 598 606 612 630 645 662 664 667 681 692 713 740 742 750 758 772 780 790 795
0 0 0 0 0 0 0 0 0 0 0 0 0 0 0 0 1 2 3 4 5 6 7 7 8 9 10 16 26 36 54 65 80 90 107 133 141 182 189 195 191 209 221 238 252 270 276 285 305 322 337 354 374 390 407 424 443 455 470 484 489 496 503 513 528 536 541 542 543 548 554 562 575 589 599 610 622 634 646 645 654 668 682 705 710 724 743 759 768 772 782 794 802
