msi.gama.models/experimental_models/3D/True3D/includes/Reunion/mnt_reunion_asc.asc
ncols         655
nrows         584
xllcorner     314226,7734
yllcorner     7633602,1874
cellsize      100
NODATA_value  -9999
[rows 287 to 327 of 584, columns 465 to 557 of 655]
891 888 887 872 858 848 839 833 830 819 811 811 815 810 814 813 809 812 801 797 789 795 795 786 795 805 793 787 770 779 763 769 769 763 759 748 739 733 743 729 730 724 715 697 692 675 673 663 647 632 621 592 620 607 596 590 585 569 548 531 520 505 502 503 492 480 471 462 449 436 420 403 406 400 389 376 364 365 366 351 338 339 320 335 337 324 313 313 309 304 223 201 204
901 900 897 886 874 861 845 840 832 838 829 822 827 820 824 827 842 848 845 824 825 823 822 819 828 827 822 815 780 806 797 793 793 790 780 771 760 769 771 722 750 749 737 711 709 696 689 680 670 657 639 619 632 620 613 602 599 586 565 543 534 528 522 515 504 492 480 471 463 448 432 409 418 409 399 393 380 381 364 365 346 351 334 337 345 340 323 323 320 313 221 225 256
921 920 907 897 887 872 865 864 857 853 838 832 840 835 841 850 887 891 877 855 856 852 848 849 854 848 847 824 825 831 826 818 822 816 809 798 782 787 753 773 772 772 755 731 728 693 701 697 690 676 659 621 650 642 633 611 605 594 573 558 544 538 540 524 516 508 497 488 481 467 419 443 437 431 414 410 399 403 381 379 372 367 349 344 351 349 333 323 305 259 211 214 312
936 935 924 915 907 889 887 880 883 874 870 862 867 869 884 887 924 924 906 895 891 874 878 871 878 871 869 855 836 851 852 858 856 855 852 832 813 809 804 799 794 788 772 744 741 734 723 713 710 698 670 666 669 664 647 627 609 599 584 570 562 552 549 535 528 516 514 508 492 467 471 461 456 442 430 424 424 411 398 392 384 381 380 351 358 359 307 231 224 239 248 305 340
940 938 928 920 912 895 893 885 887 884 878 871 878 880 893 900 929 932 919 903 895 880 884 880 883 878 876 855 838 857 858 865 865 864 863 839 821 816 808 804 800 791 776 748 745 740 732 719 714 705 674 668 675 666 650 628 613 599 588 570 567 554 553 538 532 520 515 512 490 459 475 464 459 445 434 431 428 413 400 399 387 386 384 353 359 361 302 229 233 264 271 332 343
952 959 948 945 927 916 918 905 906 902 902 912 921 930 934 947 953 963 956 940 922 909 903 909 907 903 899 841 881 885 890 896 896 897 888 864 847 830 836 825 821 805 790 762 763 765 758 744 728 724 696 653 685 674 666 646 626 604 601 594 585 576 565 558 548 538 528 517 485 492 489 477 474 461 445 445 426 416 411 410 408 400 394 361 367 373 314 235 310 371 369 359 348
966 972 969 959 949 943 944 929 933 937 939 948 968 979 975 984 982 993 994 978 949 932 930 936 932 930 923 861 914 918 919 923 928 923 911 896 872 862 862 845 835 823 803 783 784 787 777 764 746 731 653 713 699 695 679 661 642 621 620 612 601 597 580 574 563 547 496 521 520 511 499 491 487 478 459 449 442 432 421 424 422 411 413 370 374 370 324 255 352 390 376 367 367
984 992 982 977 972 963 960 952 967 968 988 990 1010 1020 1018 1018 1017 1025 1022 994 977 957 965 964 963 955 943 847 931 945 954 952 952 943 936 919 908 896 883 868 852 837 824 803 802 805 796 777 761 694 707 728 720 710 696 681 657 639 632 630 619 605 596 589 575 565 556 551 532 523 511 503 496 488 468 460 454 441 436 433 430 424 422 383 383 357 258 287 394 396 382 384 380
1001 1015 1006 1002 994 989 990 976 989 1010 1029 1024 1046 1057 1062 1055 1053 1060 1050 1028 1006 997 999 995 980 979 961 873 965 968 975 975 977 965 959 940 921 917 904 886 867 856 840 827 827 829 804 708 683 692 752 744 727 721 719 705 673 664 651 638 630 624 617 599 574 579 577 559 547 543 529 518 505 491 479 481 467 457 446 445 441 443 437 408 398 397 273 312 416 405 397 399 395
1020 1038 1028 1026 1024 1016 1020 1014 1028 1046 1061 1071 1079 1095 1097 1092 1092 1096 1076 1050 1030 1037 1033 1020 1011 978 901 952 983 989 995 993 995 985 970 946 942 931 919 904 887 870 859 854 853 784 713 764 792 780 771 762 754 741 740 725 703 687 669 651 647 639 633 614 609 593 589 575 561 553 539 528 518 506 500 492 478 474 465 459 455 455 449 441 410 413 325 264 386 418 411 412 410
1051 1067 1063 1068 1066 1054 1053 1058 1066 1083 1098 1111 1102 1129 1132 1128 1132 1129 1100 1077 1067 1069 1056 1031 1036 1021 1012 1010 1010 1008 1014 1009 1007 996 975 976 962 948 935 921 901 885 875 868 856 758 829 824 808 799 790 785 778 764 753 742 723 706 680 669 662 653 644 629 623 619 601 588 574 561 552 544 530 527 517 510 501 494 484 476 470 471 462 457 432 429 401 333 273 407 431 428 426
1095 1109 1102 1111 1108 1097 1083 1092 1080 1118 1135 1149 1146 1160 1163 1166 1163 1151 1122 1113 1103 1091 1078 1072 1060 1039 1039 1036 1038 1037 1027 1022 1016 1006 997 992 984 970 952 937 916 905 889 809 793 806 858 843 832 819 809 799 800 780 763 753 742 719 697 692 678 662 648 641 645 632 619 601 582 578 566 560 551 546 530 523 514 504 496 492 489 489 480 469 450 435 384 317 303 316 449 443 440
1126 1137 1143 1152 1148 1141 1126 1138 1138 1156 1170 1180 1182 1186 1189 1195 1185 1168 1151 1141 1127 1117 1099 1097 1073 1064 1057 1058 1055 1054 1047 1040 1029 1025 1012 1008 999 985 969 948 935 929 922 847 868 893 878 868 854 844 829 816 805 789 772 760 753 735 720 709 691 680 666 661 653 640 622 607 602 590 574 571 566 548 535 539 528 515 511 510 512 507 495 485 462 299 318 338 347 390 475 464 463
1146 1160 1170 1180 1182 1181 1171 1185 1187 1193 1205 1212 1208 1208 1215 1215 1204 1188 1170 1159 1147 1128 1125 1104 1097 1085 1078 1074 1076 1075 1069 1056 1045 1038 1028 1025 1013 997 983 968 949 948 931 856 890 910 897 887 879 865 851 831 813 800 785 783 767 753 732 721 681 692 681 677 673 651 644 627 615 605 593 591 577 562 551 546 542 534 532 526 525 522 512 508 435 342 377 451 479 496 506 494 491
1176 1178 1186 1197 1202 1212 1218 1231 1233 1232 1240 1241 1234 1236 1235 1232 1217 1205 1191 1182 1167 1153 1144 1134 1118 1102 1092 1095 1091 1095 1087 1072 1063 1058 1050 1041 1024 1008 996 986 978 970 915 890 922 929 919 912 898 879 865 848 832 815 800 793 780 768 756 733 727 716 696 699 685 670 657 645 630 627 618 604 587 584 569 561 559 554 549 540 540 543 533 529 432 343 377 446 508 527 526 519 512
1210 1213 1211 1217 1230 1247 1261 1265 1269 1266 1267 1268 1258 1259 1257 1248 1236 1221 1204 1195 1182 1171 1158 1152 1134 1121 1111 1114 1110 1108 1101 1088 1083 1081 1068 1056 1038 1023 1001 1008 990 891 924 949 949 942 938 931 911 893 872 862 848 831 823 805 796 787 733 758 745 736 719 713 700 688 678 662 656 646 637 618 605 599 592 578 580 580 572 562 562 559 552 540 489 376 319 417 456 531 539 546 543
1238 1249 1250 1252 1261 1278 1293 1297 1296 1287 1287 1292 1280 1278 1277 1266 1250 1236 1223 1208 1199 1187 1177 1165 1149 1136 1133 1126 1129 1125 1115 1105 1100 1091 1081 1066 1050 1029 1025 961 924 964 987 965 962 952 946 939 922 906 888 874 853 844 832 823 810 788 782 770 758 746 734 729 721 706 692 672 666 662 649 636 622 614 617 599 601 595 587 580 581 574 569 553 537 465 418 353 336 465 468 491 560
1283 1283 1291 1294 1301 1312 1319 1321 1316 1313 1315 1308 1296 1299 1297 1278 1268 1255 1243 1228 1217 1202 1197 1186 1172 1158 1155 1143 1141 1135 1128 1120 1113 1102 1085 1071 1060 1054 995 997 1026 1010 1000 975 972 963 957 947 934 915 901 884 871 853 851 843 814 812 803 789 777 761 748 742 734 720 710 691 684 678 659 651 638 634 632 623 616 607 605 599 602 600 584 576 552 506 423 393 342 440 382 365 412
1324 1322 1322 1325 1334 1342 1341 1340 1333 1341 1334 1329 1321 1319 1316 1290 1282 1272 1259 1246 1236 1218 1217 1208 1197 1181 1173 1162 1154 1149 1142 1136 1124 1114 1096 1085 1081 1075 1003 1054 1041 1029 1013 996 994 979 966 955 942 923 905 893 875 868 865 852 846 834 823 806 777 777 769 756 753 742 731 713 704 690 685 670 664 659 647 642 631 627 626 620 626 625 614 601 571 533 516 432 342 348 409 351 349
1357 1353 1350 1353 1361 1375 1364 1359 1349 1355 1348 1343 1340 1335 1328 1309 1298 1281 1277 1269 1257 1237 1236 1233 1221 1205 1196 1179 1170 1167 1155 1151 1141 1128 1109 1102 1095 1019 1066 1077 1058 1046 1027 1013 1009 991 976 962 949 932 917 903 893 888 880 853 864 850 833 804 800 795 781 776 770 759 745 735 722 713 705 691 684 682 669 659 655 650 645 639 641 641 626 619 603 567 554 539 362 352 461 463 361
1383 1379 1373 1380 1386 1391 1381 1377 1366 1369 1363 1354 1353 1348 1332 1321 1306 1302 1294 1283 1274 1265 1255 1249 1238 1229 1212 1198 1191 1184 1172 1163 1154 1141 1131 1127 1117 1099 1103 1088 1075 1062 1048 1024 1018 1007 987 974 963 949 934 921 910 900 890 885 872 854 831 831 824 814 804 797 779 767 767 751 743 737 730 719 710 704 688 682 680 669 666 663 662 661 639 641 627 589 584 576 562 528 507 464 366
1406 1403 1400 1404 1408 1408 1398 1389 1381 1387 1376 1370 1361 1358 1344 1333 1326 1322 1313 1301 1284 1283 1277 1268 1258 1249 1228 1211 1205 1195 1188 1178 1167 1156 1145 1142 1094 1134 1128 1108 1096 1080 1072 1044 1040 1022 1008 994 980 963 946 935 923 910 913 900 884 868 846 851 841 828 821 805 798 800 785 766 746 761 754 748 735 728 710 705 702 693 698 681 692 682 664 663 656 629 608 598 587 549 511 415 399
1421 1423 1419 1418 1421 1419 1412 1405 1403 1394 1386 1382 1375 1366 1351 1348 1341 1338 1324 1310 1306 1299 1292 1282 1274 1258 1234 1226 1219 1212 1202 1196 1182 1172 1159 1154 1151 1151 1145 1129 1114 1097 1078 1058 1055 1044 1030 1013 994 979 962 944 929 929 931 915 903 883 871 868 857 846 829 822 818 810 804 781 779 776 775 768 759 753 735 732 723 722 720 715 714 702 688 688 677 670 623 622 559 450 410 384 509
1430 1431 1432 1437 1431 1426 1422 1416 1415 1404 1402 1393 1384 1373 1370 1365 1356 1350 1340 1323 1324 1316 1303 1300 1287 1273 1257 1246 1240 1230 1224 1209 1200 1190 1180 1168 1163 1164 1161 1145 1127 1105 1090 1072 1069 1059 1042 1027 1009 986 969 956 956 948 950 933 912 895 894 882 872 856 851 848 836 835 821 808 801 801 797 794 780 772 760 756 743 746 737 740 740 726 709 705 700 696 676 616 542 401 470 528 608
1441 1443 1445 1448 1443 1434 1426 1431 1427 1416 1410 1400 1389 1386 1382 1383 1369 1363 1349 1347 1342 1332 1327 1315 1302 1292 1280 1269 1263 1250 1241 1231 1214 1209 1197 1181 1175 1174 1166 1150 1136 1123 1108 1088 1084 1070 1055 1037 1017 996 989 983 977 971 963 944 919 917 911 897 889 879 878 869 857 853 840 839 831 826 820 816 805 790 783 779 773 767 765 766 761 750 738 733 725 717 674 575 406 448 500 579 663
1453 1455 1457 1459 1451 1445 1441 1443 1436 1428 1420 1411 1405 1401 1393 1393 1382 1376 1370 1365 1361 1352 1345 1331 1322 1307 1299 1286 1279 1266 1252 1245 1230 1220 1210 1197 1188 1179 1167 1159 1148 1134 1124 1097 1093 1079 1058 1046 1031 1024 1014 1007 996 987 976 950 946 936 925 912 899 893 895 883 876 869 869 860 861 850 845 841 834 817 808 799 799 790 789 790 783 773 764 760 746 730 632 544 413 468 519 565 672
1459 1464 1468 1467 1462 1460 1457 1455 1449 1439 1432 1424 1417 1412 1412 1406 1392 1393 1387 1385 1375 1367 1358 1350 1341 1328 1319 1307 1293 1278 1268 1260 1245 1232 1221 1208 1201 1189 1175 1167 1156 1144 1135 1104 1098 1087 1073 1064 1056 1039 1036 1030 1018 1008 982 968 966 954 940 928 922 914 909 899 894 889 886 886 882 876 869 859 853 841 831 828 823 817 814 812 810 797 787 784 764 668 619 608 496 451 498 579 683
1478 1480 1483 1480 1476 1473 1471 1467 1462 1455 1441 1438 1432 1426 1427 1418 1411 1409 1403 1399 1392 1384 1374 1366 1355 1349 1339 1326 1312 1295 1289 1280 1266 1245 1230 1222 1211 1195 1185 1177 1166 1154 1144 1118 1114 1098 1088 1080 1078 1067 1066 1053 1038 1010 1004 994 993 971 954 946 944 933 927 918 910 898 907 906 903 902 896 895 876 864 857 853 849 838 836 837 831 823 815 804 712 645 632 613 563 452 508 590 699
1502 1503 1496 1494 1499 1490 1483 1481 1471 1466 1457 1454 1447 1451 1441 1433 1428 1423 1415 1411 1408 1401 1389 1382 1375 1366 1355 1345 1332 1317 1305 1294 1279 1261 1247 1233 1223 1210 1203 1189 1179 1172 1156 1129 1126 1116 1103 1098 1094 1092 1083 1067 1048 1036 1026 1019 1006 984 978 963 963 954 947 933 926 918 926 929 924 921 923 921 903 891 889 881 874 867 861 862 855 839 832 812 700 645 612 585 528 435 524 621 761
1518 1513 1510 1507 1506 1503 1498 1496 1485 1475 1468 1467 1464 1461 1453 1446 1444 1439 1427 1426 1423 1417 1407 1392 1392 1386 1376 1364 1353 1336 1328 1307 1291 1280 1260 1251 1236 1224 1217 1208 1195 1179 1173 1146 1142 1130 1115 1121 1111 1108 1095 1081 1058 1055 1051 1033 1015 1006 998 994 984 977 967 948 946 942 948 950 947 943 942 940 926 922 915 909 899 895 884 891 879 863 851 815 664 559 532 451 474 493 573 674 801
1529 1527 1520 1518 1513 1509 1508 1505 1500 1490 1483 1479 1476 1471 1467 1462 1458 1455 1443 1441 1438 1434 1423 1412 1412 1403 1394 1387 1374 1355 1342 1329 1317 1299 1286 1266 1253 1240 1231 1223 1208 1201 1190 1163 1159 1137 1135 1142 1124 1119 1108 1089 1084 1078 1066 1057 1043 1029 1012 1014 1002 998 986 972 965 968 970 971 969 966 968 965 953 952 942 934 926 923 919 908 897 883 871 756 615 549 475 465 553 566 632 748 824
1544 1540 1537 1528 1523 1512 1515 1512 1505 1500 1496 1491 1486 1485 1477 1476 1473 1466 1453 1452 1452 1447 1440 1434 1432 1418 1410 1398 1384 1371 1356 1346 1332 1321 1303 1286 1273 1260 1247 1239 1228 1220 1205 1175 1172 1157 1151 1141 1139 1133 1121 1112 1102 1101 1091 1078 1075 1049 1029 1033 1027 1018 1000 1000 995 993 987 997 994 996 995 991 976 984 975 963 956 948 939 925 917 909 839 712 608 467 529 634 627 624 695 829 840
1555 1550 1544 1537 1533 1520 1521 1514 1508 1510 1511 1508 1503 1498 1495 1492 1488 1475 1472 1472 1468 1461 1454 1453 1447 1435 1424 1408 1395 1393 1380 1364 1348 1332 1316 1304 1294 1282 1265 1259 1245 1238 1215 1181 1176 1167 1162 1163 1160 1151 1134 1130 1126 1124 1117 1104 1092 1067 1062 1062 1057 1041 1029 1026 1024 1017 1012 1026 1025 1024 1020 1011 1003 1010 1000 991 980 975 961 943 940 934 826 720 616 505 485 685 720 743 777 863 861
1576 1566 1554 1546 1537 1524 1525 1519 1523 1521 1525 1522 1518 1510 1512 1509 1500 1490 1487 1485 1481 1477 1471 1469 1462 1448 1428 1426 1415 1409 1399 1379 1361 1352 1335 1324 1312 1302 1286 1282 1267 1263 1237 1193 1188 1187 1191 1196 1186 1169 1152 1159 1157 1150 1142 1130 1106 1101 1092 1085 1079 1062 1063 1057 1050 1046 1044 1055 1059 1055 1047 1038 1038 1037 1028 1016 1003 995 985 980 960 953 839 716 649 561 472 646 810 839 893 883 880
1591 1578 1560 1549 1535 1537 1536 1537 1538 1532 1536 1535 1533 1528 1527 1526 1516 1509 1508 1502 1497 1489 1483 1484 1477 1457 1445 1439 1436 1426 1414 1400 1388 1371 1362 1346 1334 1324 1315 1312 1297 1294 1257 1220 1219 1220 1227 1231 1213 1188 1184 1185 1180 1178 1162 1147 1139 1124 1116 1113 1097 1093 1093 1085 1074 1073 1070 1083 1085 1083 1076 1070 1068 1061 1053 1035 1025 1022 1011 998 989 974 858 731 654 491 580 725 775 823 918 924 909
1604 1587 1571 1556 1547 1548 1550 1550 1548 1546 1549 1551 1545 1544 1544 1543 1538 1531 1523 1513 1509 1506 1502 1498 1484 1469 1463 1457 1451 1441 1431 1423 1412 1403 1390 1379 1364 1356 1353 1345 1333 1322 1296 1270 1266 1260 1261 1264 1240 1212 1210 1205 1205 1205 1187 1169 1161 1155 1140 1139 1125 1117 1114 1107 1102 1100 1100 1109 1112 1109 1098 1100 1092 1086 1069 1056 1052 1045 1038 1029 1018 974 829 720 495 547 620 641 662 740 823 949 937
1616 1596 1575 1562 1558 1564 1564 1564 1562 1562 1565 1566 1561 1559 1563 1558 1557 1551 1538 1530 1523 1519 1521 1512 1501 1491 1477 1472 1466 1458 1452 1452 1444 1432 1420 1410 1406 1400 1390 1381 1380 1353 1329 1309 1308 1295 1297 1283 1261 1243 1241 1234 1236 1228 1209 1197 1190 1179 1172 1165 1151 1145 1139 1140 1135 1129 1130 1129 1135 1132 1126 1121 1118 1104 1090 1078 1079 1076 1073 1056 1048 1018 877 691 491 493 514 510 589 674 778 893 965
1633 1608 1581 1572 1572 1574 1577 1577 1579 1575 1583 1579 1577 1579 1580 1573 1573 1563 1556 1548 1542 1531 1525 1514 1514 1509 1500 1488 1483 1480 1480 1478 1469 1465 1453 1437 1430 1433 1426 1418 1406 1387 1368 1344 1341 1327 1316 1310 1297 1279 1271 1265 1259 1248 1236 1219 1219 1206 1196 1182 1176 1176 1176 1177 1163 1161 1158 1155 1155 1154 1153 1146 1140 1132 1113 1108 1105 1105 1105 1094 1078 1058 932 846 779 705 703 641 510 592 737 833 1005
1640 1612 1592 1584 1586 1585 1593 1592 1599 1593 1602 1594 1593 1592 1596 1586 1584 1575 1573 1567 1554 1546 1533 1527 1526 1526 1515 1509 1506 1509 1507 1503 1500 1490 1482 1472 1462 1461 1454 1447 1431 1415 1388 1375 1369 1353 1337 1332 1313 1309 1291 1291 1277 1269 1259 1243 1238 1227 1222 1206 1208 1211 1208 1203 1191 1184 1184 1183 1183 1176 1178 1175 1168 1157 1141 1139 1141 1137 1129 1122 1105 1098 1025 961 916 858 783 670 566 523 667 804 955
1640 1610 1602 1593 1602 1611 1607 1614 1618 1615 1620 1610 1610 1607 1613 1607 1600 1594 1590 1584 1572 1557 1548 1543 1542 1540 1537 1526 1528 1530 1527 1525 1525 1522 1518 1505 1491 1490 1481 1470 1458 1439 1424 1405 1401 1379 1365 1361 1347 1339 1321 1317 1305 1295 1282 1271 1273 1257 1251 1239 1241 1239 1236 1231 1219 1211 1208 1212 1211 1202 1203 1201 1195 1186 1173 1170 1171 1162 1162 1141 1131 1111 1094 989 875 785 739 678 593 526 650 808 936
1634 1618 1611 1611 1623 1627 1626 1629 1633 1630 1632 1627 1621 1625 1624 1625 1615 1609 1605 1598 1587 1575 1574 1564 1557 1563 1554 1551 1550 1555 1550 1552 1552 1547 1547 1520 1526 1515 1502 1493 1477 1462 1452 1427 1424 1409 1392 1387 1367 1367 1358 1342 1329 1323 1305 1299 1292 1292 1282 1270 1276 1272 1271 1262 1258 1244 1240 1242 1243 1238 1232 1229 1221 1206 1196 1201 1202 1185 1180 1167 1162 1140 1029 903 828 767 692 626 555 559 732 857 1002
