msi.gama.models/experimental_models/3D/True3D/includes/Reunion/mnt_reunion_asc.asc
ncols         655
nrows         584
xllcorner     314226,7734
yllcorner     7633602,1874
cellsize      100
NODATA_value  -9999
[rows 451 to 491 of 584, columns 372 to 464 of 655]
1121 1096 1121 1142 1177 1189 1201 1202 1219 1233 1243 1251 1231 1263 1266 1282 1291 1335 1345 1355 1376 1387 1421 1443 1462 1479 1483 1497 1526 1544 1569 1577 1591 1597 1611 1622 1633 1465 1342 1192 1055 933 805 687 631 610 599 612 661 722 799 790 810 895 1044 1120 1091 1099 971 891 815 936 1035 1191 1282 1369 1404 1424 1444 1473 1490 1523 1535 1547 1554 1565 1585 1616 1656 1701 1742 1774 1722 1563 1406 1249 1130 1052 1036 997 969 966 976
1100 1098 1147 1162 1173 1174 1189 1204 1184 1199 1215 1229 1239 1262 1272 1278 1298 1323 1341 1364 1383 1401 1407 1415 1442 1457 1492 1511 1532 1547 1561 1569 1578 1594 1606 1615 1620 1492 1355 1204 1052 912 785 696 637 597 597 603 623 701 737 747 772 905 1043 1058 996 985 912 822 813 963 1058 1136 1204 1305 1390 1410 1429 1448 1473 1493 1513 1519 1531 1535 1558 1602 1634 1659 1696 1722 1670 1544 1387 1217 1106 1037 1019 1003 954 944 935
1047 1063 1103 1124 1145 1158 1159 1166 1191 1230 1240 1256 1266 1273 1286 1303 1317 1326 1340 1360 1375 1379 1404 1427 1449 1469 1488 1504 1522 1538 1543 1555 1569 1587 1590 1607 1618 1522 1382 1227 1050 928 822 729 631 591 590 597 612 675 656 688 799 948 1040 979 885 801 728 785 912 943 1017 1146 1240 1327 1388 1402 1426 1454 1475 1511 1504 1502 1504 1506 1533 1562 1586 1613 1642 1659 1635 1491 1346 1206 1075 1030 1021 999 957 925 923
1116 1125 1143 1157 1168 1175 1190 1200 1211 1222 1231 1250 1258 1272 1282 1296 1311 1318 1334 1346 1361 1361 1397 1420 1441 1458 1469 1486 1495 1514 1539 1548 1555 1570 1592 1606 1616 1530 1386 1241 1130 1029 915 823 725 646 584 593 602 620 651 739 867 970 898 861 780 676 722 829 867 978 1087 1177 1291 1368 1392 1407 1420 1438 1458 1472 1477 1478 1490 1486 1489 1520 1536 1569 1589 1623 1571 1491 1313 1193 1082 1029 1002 967 952 913 915
1117 1130 1142 1152 1158 1167 1179 1190 1205 1214 1230 1242 1252 1266 1277 1291 1300 1311 1320 1331 1354 1376 1396 1408 1424 1441 1455 1478 1483 1483 1519 1532 1557 1576 1592 1604 1614 1593 1442 1385 1314 1222 1090 952 803 683 595 578 588 604 634 743 873 878 770 695 686 610 780 846 920 1037 1123 1244 1326 1360 1393 1418 1433 1437 1451 1457 1452 1468 1466 1467 1471 1492 1517 1542 1573 1602 1527 1429 1296 1186 1099 1026 994 938 921 904 903
1112 1128 1139 1142 1155 1168 1179 1189 1197 1218 1233 1243 1249 1263 1271 1282 1297 1306 1323 1335 1354 1365 1382 1395 1418 1427 1442 1442 1464 1485 1511 1531 1552 1565 1580 1595 1613 1624 1561 1510 1394 1276 1168 1010 820 622 583 572 572 598 662 776 885 798 697 619 608 685 833 902 985 1099 1177 1285 1320 1366 1351 1385 1377 1426 1442 1443 1437 1444 1448 1450 1464 1483 1503 1521 1550 1575 1527 1407 1330 1241 1129 1049 1007 933 896 897 895
1111 1115 1132 1139 1153 1158 1171 1184 1197 1211 1215 1226 1249 1247 1260 1275 1275 1302 1309 1328 1344 1358 1373 1390 1398 1413 1420 1443 1457 1476 1505 1526 1550 1563 1581 1588 1605 1622 1625 1549 1411 1268 1174 1065 774 595 575 562 564 619 673 792 835 736 619 577 655 757 873 958 1055 1190 1268 1286 1315 1350 1372 1390 1403 1410 1419 1424 1424 1425 1435 1442 1452 1468 1480 1500 1526 1551 1564 1505 1391 1261 1150 1059 1008 915 886 887 888
1095 1117 1130 1143 1158 1158 1162 1170 1191 1202 1209 1222 1228 1223 1226 1247 1284 1289 1304 1316 1331 1351 1360 1378 1388 1398 1422 1441 1461 1479 1494 1504 1531 1542 1560 1587 1606 1616 1613 1520 1387 1289 1133 1058 895 631 570 558 557 557 674 731 783 755 594 564 630 683 759 897 1007 1124 1256 1271 1292 1316 1350 1371 1385 1396 1404 1404 1406 1409 1422 1428 1441 1455 1464 1475 1495 1501 1448 1403 1428 1318 1146 1047 957 895 882 878 883
1092 1096 1124 1125 1148 1156 1168 1184 1210 1204 1202 1209 1212 1206 1232 1259 1265 1282 1295 1309 1319 1337 1354 1367 1364 1393 1418 1435 1451 1466 1470 1492 1517 1546 1566 1585 1597 1604 1599 1483 1345 1233 1104 1011 947 781 569 552 551 550 637 678 745 758 584 552 607 671 729 789 914 1084 1238 1253 1266 1279 1319 1344 1361 1375 1382 1387 1390 1400 1406 1412 1425 1435 1441 1443 1460 1435 1417 1328 1349 1278 1225 1082 979 899 871 875 906
1078 1102 1095 1121 1130 1154 1181 1183 1183 1190 1187 1190 1211 1222 1240 1239 1251 1265 1283 1303 1320 1323 1345 1339 1366 1399 1416 1423 1436 1463 1478 1499 1515 1531 1558 1576 1591 1593 1599 1458 1294 1182 1072 949 858 769 572 546 544 546 548 637 687 617 570 549 571 662 730 816 946 1092 1233 1245 1252 1266 1285 1311 1339 1353 1358 1368 1379 1386 1393 1401 1400 1412 1416 1414 1390 1315 1299 1228 1244 1158 1101 1102 988 921 866 873 908
1070 1088 1106 1112 1129 1172 1153 1175 1181 1167 1187 1198 1193 1214 1231 1241 1255 1265 1287 1273 1286 1324 1346 1364 1385 1393 1411 1418 1442 1462 1474 1482 1500 1526 1536 1550 1574 1602 1596 1456 1281 1162 1010 898 805 709 567 540 540 540 537 618 626 571 544 560 594 620 709 806 946 1083 1227 1237 1242 1249 1261 1283 1307 1324 1335 1352 1359 1367 1377 1383 1379 1384 1387 1394 1315 1230 1157 1147 1194 1084 1045 1044 984 899 865 864 895
1047 1063 1089 1098 1130 1149 1129 1157 1147 1178 1177 1171 1199 1213 1221 1231 1241 1255 1264 1260 1302 1323 1331 1339 1375 1396 1413 1431 1441 1454 1468 1489 1504 1511 1530 1547 1569 1598 1600 1464 1307 1155 991 865 763 655 546 534 534 533 532 535 536 539 574 601 615 658 732 803 947 1092 1213 1228 1230 1240 1247 1263 1283 1303 1318 1328 1338 1345 1350 1355 1364 1368 1369 1372 1262 1118 1026 1074 1053 984 1024 972 906 849 845 854 876
1039 1070 1077 1100 1112 1124 1127 1131 1153 1157 1150 1175 1188 1203 1209 1217 1208 1221 1255 1277 1293 1309 1326 1347 1371 1387 1406 1422 1437 1459 1459 1471 1489 1508 1523 1554 1580 1595 1603 1498 1365 1203 1011 857 729 633 535 528 528 525 525 540 570 581 596 623 658 682 756 856 969 1091 1215 1219 1222 1227 1234 1246 1257 1280 1288 1306 1314 1323 1323 1344 1348 1356 1353 1335 1183 1070 935 904 935 898 1018 902 830 826 836 842 846
1021 1057 1071 1089 1088 1103 1123 1121 1139 1131 1162 1176 1184 1193 1204 1186 1230 1256 1261 1289 1299 1320 1337 1352 1368 1391 1415 1414 1431 1434 1466 1494 1507 1526 1528 1557 1569 1583 1596 1579 1443 1317 1068 875 740 626 522 523 522 520 519 552 576 602 622 654 686 742 824 915 1006 1144 1205 1209 1211 1214 1218 1223 1223 1230 1237 1280 1284 1293 1313 1327 1337 1341 1337 1294 1117 1004 891 819 853 892 916 806 817 827 832 829 828
1014 1048 1066 1066 1089 1095 1105 1117 1114 1146 1161 1172 1172 1160 1162 1199 1218 1235 1262 1283 1306 1305 1318 1336 1364 1376 1388 1405 1425 1447 1476 1505 1517 1530 1546 1540 1559 1581 1590 1583 1497 1358 1214 1058 925 730 555 515 516 513 520 563 581 612 632 664 731 805 900 1028 1158 1198 1197 1201 1203 1203 1204 1200 1201 1201 1216 1242 1258 1282 1302 1307 1320 1317 1322 1255 1115 948 856 787 847 840 813 782 808 820 822 838 830
1007 1028 1048 1060 1065 1083 1098 1098 1122 1136 1149 1147 1165 1132 1179 1194 1219 1247 1259 1273 1290 1322 1330 1350 1373 1388 1410 1431 1433 1456 1478 1507 1512 1519 1541 1558 1570 1574 1586 1573 1475 1337 1157 1025 871 761 578 509 510 506 510 563 590 615 639 719 849 957 1033 1096 1188 1188 1191 1194 1195 1193 1193 1193 1192 1191 1194 1223 1252 1274 1280 1297 1299 1304 1276 1186 1082 889 789 776 812 756 737 759 784 807 830 849 872
1000 1023 1039 1052 1064 1069 1080 1102 1107 1126 1126 1141 1120 1154 1192 1206 1223 1219 1224 1252 1275 1301 1344 1353 1371 1382 1410 1433 1452 1472 1486 1498 1514 1529 1538 1543 1550 1556 1569 1551 1434 1245 1128 996 840 729 631 502 503 500 510 574 601 627 731 840 930 1036 1170 1176 1176 1181 1184 1188 1188 1187 1186 1187 1187 1186 1193 1213 1238 1255 1272 1281 1288 1282 1219 1104 1009 857 769 757 725 722 732 757 779 784 804 868 893
993 1012 1031 1037 1056 1063 1085 1083 1098 1105 1112 1127 1113 1154 1133 1161 1191 1233 1242 1261 1294 1308 1338 1334 1360 1384 1418 1437 1451 1469 1494 1504 1517 1524 1540 1543 1546 1553 1563 1529 1429 1171 1064 912 793 680 602 497 496 496 521 619 669 717 806 902 1027 1152 1168 1170 1170 1174 1177 1183 1181 1181 1181 1182 1183 1181 1182 1207 1221 1239 1257 1262 1261 1279 1176 1042 946 874 726 710 714 720 728 765 797 792 806 848 912
993 997 1014 1039 1055 1050 1064 1084 1088 1097 1104 1113 1081 1118 1161 1181 1196 1223 1258 1281 1301 1291 1314 1324 1339 1374 1409 1429 1449 1476 1501 1513 1517 1522 1536 1537 1541 1551 1553 1508 1361 1171 1020 818 713 629 574 497 491 495 515 590 707 774 856 966 1143 1156 1160 1161 1164 1166 1171 1173 1174 1175 1176 1177 1177 1171 1179 1192 1205 1221 1229 1236 1257 1253 1108 993 909 810 712 701 703 706 732 794 837 862 830 859 899
992 1007 1023 1020 1045 1045 1063 1064 1080 1093 1092 1069 1105 1131 1142 1164 1198 1220 1250 1265 1259 1303 1322 1344 1372 1392 1408 1437 1457 1476 1491 1511 1524 1532 1534 1537 1553 1573 1571 1514 1330 1147 966 776 680 586 538 486 485 494 514 554 653 753 869 1004 1149 1150 1153 1155 1157 1158 1163 1164 1166 1168 1170 1172 1174 1169 1170 1174 1189 1194 1204 1226 1242 1251 1102 985 869 782 701 693 688 730 765 807 822 875 910 921 980
992 991 1001 1022 1042 1051 1056 1064 1077 1079 1062 1084 1105 1106 1139 1168 1191 1211 1219 1247 1284 1291 1309 1337 1361 1384 1408 1429 1439 1453 1475 1513 1523 1530 1533 1540 1551 1560 1574 1520 1373 1187 969 780 669 536 503 480 482 489 514 568 695 802 920 1077 1145 1146 1148 1149 1152 1153 1156 1158 1156 1158 1163 1164 1164 1162 1162 1166 1168 1170 1188 1208 1224 1207 1097 967 831 743 685 681 695 755 797 828 893 959 991 1010 1052
989 1002 1010 1016 1034 1042 1052 1062 1066 1056 1068 1075 1099 1117 1143 1165 1174 1183 1226 1254 1262 1274 1298 1324 1356 1377 1398 1412 1416 1433 1471 1501 1522 1527 1526 1538 1528 1536 1538 1516 1387 1200 980 800 669 512 483 472 484 488 558 676 766 858 983 1076 1105 1143 1143 1145 1145 1146 1150 1150 1148 1154 1153 1156 1150 1154 1153 1161 1161 1158 1179 1191 1205 1130 1003 906 778 688 677 681 698 774 808 826 924 1058 1072 1125 1177
975 995 1006 1007 1021 1033 1037 1043 1051 1028 1062 1088 1107 1126 1158 1153 1143 1204 1228 1238 1237 1251 1271 1305 1343 1370 1383 1374 1380 1421 1452 1477 1502 1506 1495 1511 1489 1500 1504 1507 1394 1235 1011 806 680 542 482 468 472 520 633 764 853 874 890 957 1001 1123 1140 1142 1139 1140 1143 1143 1143 1144 1145 1146 1142 1146 1144 1152 1158 1148 1159 1168 1191 1142 1001 877 737 671 676 678 705 751 804 854 968 1130 1170 1205 1259
974 990 986 1010 1014 1013 1030 1046 1016 1055 1071 1095 1129 1142 1126 1108 1164 1173 1184 1197 1234 1264 1296 1329 1325 1340 1364 1339 1378 1410 1406 1453 1474 1476 1450 1483 1462 1460 1477 1472 1411 1262 1063 821 695 595 502 464 458 455 511 672 726 729 795 845 939 1019 1128 1131 1133 1134 1134 1136 1135 1133 1136 1136 1135 1137 1135 1136 1146 1142 1143 1149 1164 1153 978 808 674 670 676 689 749 767 840 930 1039 1127 1252 1334 1362
962 971 989 993 1003 1009 1033 1041 991 1008 1049 1076 1095 1108 1087 1120 1136 1159 1202 1226 1251 1297 1304 1294 1307 1325 1337 1328 1365 1360 1406 1433 1443 1444 1429 1449 1440 1437 1441 1448 1386 1245 1064 875 717 625 523 466 457 448 486 593 574 627 689 780 828 928 1009 1107 1127 1128 1127 1129 1129 1126 1126 1122 1122 1124 1124 1125 1126 1127 1126 1133 1133 1135 1024 825 668 667 682 697 725 749 805 932 1078 1201 1312 1419 1505
958 961 972 984 993 1016 1014 998 981 1052 1035 1053 1054 1079 1119 1127 1155 1183 1207 1236 1262 1288 1277 1276 1290 1295 1314 1322 1350 1367 1370 1407 1415 1419 1411 1424 1421 1424 1421 1425 1385 1242 1083 915 773 660 536 476 456 449 446 486 485 492 544 666 770 820 914 1023 1109 1121 1122 1121 1119 1118 1117 1111 1115 1113 1108 1108 1101 1106 1106 1105 1112 1131 1005 802 676 660 656 683 705 720 762 903 991 1121 1248 1370 1468
946 965 979 981 997 985 965 994 1022 1048 1059 1079 1096 1111 1132 1152 1177 1196 1209 1219 1232 1256 1260 1253 1267 1264 1303 1319 1334 1342 1362 1382 1395 1397 1385 1404 1402 1384 1414 1415 1390 1249 1101 967 836 715 593 531 473 450 443 437 436 434 434 543 692 740 828 913 1017 1118 1112 1112 1112 1112 1110 1104 1107 1099 1094 1091 1084 1087 1083 1083 1096 1110 1019 903 683 630 644 668 674 677 748 824 914 1047 1173 1285 1380
948 950 969 983 988 950 1011 1019 1035 1045 1058 1072 1089 1109 1133 1152 1162 1182 1199 1216 1224 1240 1250 1236 1243 1272 1288 1307 1323 1319 1340 1352 1379 1384 1372 1367 1385 1364 1372 1389 1367 1300 1176 1049 941 834 706 619 570 503 443 433 431 429 425 430 605 675 740 815 939 1075 1107 1105 1104 1103 1100 1093 1098 1089 1081 1078 1075 1068 1068 1066 1074 1078 963 848 707 633 623 651 632 701 764 842 916 1012 1143 1255 1349
937 923 911 920 928 992 1021 1024 1031 1031 1042 1062 1079 1102 1120 1126 1150 1157 1149 1182 1225 1242 1221 1221 1242 1259 1281 1291 1297 1300 1340 1357 1359 1375 1354 1345 1360 1354 1336 1350 1365 1371 1316 1220 1121 951 866 816 715 678 508 448 452 425 420 416 503 610 691 781 866 991 1100 1100 1095 1090 1093 1092 1089 1062 1036 1065 1060 1053 1051 1050 1054 1018 934 785 647 612 618 603 665 742 822 907 975 1048 1165 1288 1370
890 923 953 978 990 1007 1008 1009 1026 1044 1050 1060 1072 1087 1090 1119 1134 1130 1173 1190 1219 1223 1183 1213 1226 1253 1268 1253 1293 1321 1338 1342 1346 1358 1332 1310 1333 1329 1326 1334 1340 1360 1361 1313 1223 1130 1050 990 956 933 842 692 517 423 416 411 451 562 627 727 813 920 1082 1091 1088 1080 1079 1082 1065 922 915 969 1005 1043 1038 1038 1002 893 841 768 613 604 600 612 708 788 867 956 1039 1155 1254 1340 1455
923 959 964 980 991 1003 992 1008 1016 1018 1036 1039 1047 1065 1072 1095 1109 1150 1167 1185 1202 1205 1169 1191 1205 1238 1259 1283 1296 1297 1313 1327 1335 1319 1319 1288 1303 1285 1290 1327 1315 1335 1330 1317 1331 1264 1225 1183 1070 952 851 745 604 416 413 406 481 537 572 681 777 901 1023 1083 1082 1075 1072 1073 979 776 804 852 917 972 1027 1013 906 815 767 673 605 603 590 608 741 798 891 984 1042 1132 1258 1384 1472
929 956 970 978 990 984 1002 1000 1014 1024 1044 1053 1063 1075 1094 1098 1118 1136 1162 1174 1181 1164 1180 1214 1234 1235 1264 1252 1254 1263 1288 1311 1314 1318 1300 1241 1248 1256 1317 1291 1285 1296 1294 1295 1314 1328 1292 1190 1026 895 815 703 607 463 409 400 459 453 523 656 770 880 1013 1070 1068 1067 1063 1064 1000 860 726 726 792 895 918 945 860 711 652 604 594 593 588 640 781 878 962 1079 1147 1181 1278 1401 1445
923 926 939 953 962 992 980 993 1007 1019 1030 1041 1064 1080 1101 1106 1118 1135 1147 1157 1126 1160 1191 1223 1202 1237 1253 1235 1224 1268 1269 1291 1296 1305 1284 1228 1249 1298 1289 1278 1234 1260 1254 1281 1288 1300 1294 1190 1048 889 748 608 531 437 404 400 397 472 580 693 779 898 1004 1059 1059 1057 1054 1052 1015 884 738 661 692 762 791 816 846 690 611 601 581 575 569 720 828 929 1032 1134 1231 1315 1381 1411 1422
914 942 956 963 967 969 974 1005 1021 1028 1033 1046 1064 1076 1090 1089 1113 1134 1137 1126 1143 1162 1188 1189 1208 1235 1215 1196 1223 1242 1244 1264 1264 1282 1253 1197 1259 1280 1290 1235 1212 1234 1239 1256 1258 1245 1257 1166 1042 889 689 555 462 426 398 396 396 446 616 747 852 933 1010 1046 1051 1048 1044 1043 1016 905 775 677 616 648 690 726 764 734 594 590 573 568 582 713 802 965 1126 1220 1318 1337 1354 1387 1401
924 933 921 920 952 980 988 999 1011 1031 1037 1032 1033 1043 1062 1095 1114 1120 1116 1108 1121 1150 1169 1198 1205 1216 1197 1194 1204 1211 1218 1222 1244 1248 1246 1180 1243 1257 1265 1228 1158 1167 1146 1192 1198 1244 1230 1094 992 852 696 563 444 392 394 393 394 408 548 681 789 874 862 940 1035 1035 1031 1029 1019 898 789 704 664 598 574 587 683 685 580 576 562 564 573 618 766 933 1096 1246 1289 1306 1330 1361 1372
909 882 927 937 955 969 971 992 1009 1023 998 1023 1043 1064 1091 1093 1096 1111 1112 1077 1124 1150 1165 1177 1187 1199 1163 1160 1188 1174 1202 1191 1218 1204 1216 1178 1209 1236 1248 1204 1109 1092 1041 1076 1115 1199 1185 1067 943 781 661 562 462 471 385 388 387 439 548 669 707 703 697 809 969 1024 1019 1018 1008 967 850 739 641 595 552 539 556 606 573 555 555 554 601 700 797 928 1113 1247 1262 1280 1309 1329 1346
890 876 908 925 930 945 963 982 977 989 1025 1035 1042 1071 1081 1087 1101 1101 1070 1060 1118 1126 1145 1130 1158 1167 1149 1157 1166 1156 1170 1183 1184 1182 1180 1151 1198 1205 1218 1146 1049 959 951 979 1036 1128 1192 1044 889 756 635 543 531 430 386 383 382 533 633 664 566 496 624 785 876 972 1010 1008 1000 995 943 818 692 588 547 532 538 553 554 549 550 552 658 749 888 1020 1140 1229 1244 1261 1283 1304 1322
859 866 887 912 931 946 965 968 967 996 1010 1030 1041 1054 1073 1065 1069 1078 1024 1090 1092 1114 1097 1097 1135 1127 1099 1116 1128 1151 1132 1153 1135 1138 1130 1169 1182 1205 1197 1089 987 889 879 897 981 1078 1169 1046 868 732 608 486 495 423 382 378 379 502 539 576 456 441 597 712 796 853 905 964 994 987 982 893 769 682 627 532 533 543 542 543 543 572 729 820 947 1082 1188 1213 1230 1245 1262 1283 1296
853 882 905 919 923 940 936 950 990 995 1005 1027 1037 1043 1030 1048 1066 1047 1020 1038 1089 1084 1081 1094 1104 1084 1084 1113 1090 1134 1106 1120 1077 1121 1123 1150 1180 1187 1180 1076 940 884 856 866 926 1024 1112 1053 907 752 581 438 412 435 375 375 372 424 470 524 410 416 541 592 662 748 800 875 961 974 973 884 805 719 711 545 515 532 534 531 561 678 779 893 1013 1105 1139 1200 1218 1229 1243 1254 1274
866 881 891 890 920 940 950 976 967 987 996 1009 1017 1010 1031 1043 1052 1033 996 1027 1058 1063 1058 1078 1084 1055 1066 1089 1091 1094 1089 1070 1101 1129 1127 1134 1157 1138 1151 1091 981 886 844 832 886 986 1054 1081 939 816 658 483 393 381 374 371 372 364 377 442 379 367 434 491 565 640 728 820 896 964 960 830 744 663 609 503 519 526 528 523 623 706 828 912 985 1028 1114 1181 1197 1209 1222 1233 1248
848 859 870 901 924 948 961 958 959 969 981 990 987 1010 1022 1024 1033 1026 986 1011 1029 1027 1051 1046 1059 1035 1062 1066 1065 1075 1067 1056 1100 1109 1097 1112 1129 1107 1071 1108 1009 905 836 814 846 921 1011 1109 1023 875 704 562 470 413 366 367 366 363 358 352 351 346 349 402 482 590 661 767 868 954 906 794 701 610 527 492 517 518 520 527 634 651 717 800 873 995 1086 1167 1178 1189 1197 1211 1222
