msi.gama.models/experimental_models/3D/True3D/includes/Reunion/mnt_reunion_asc.asc
ncols         655
nrows         584
xllcorner     314226,7734
yllcorner     7633602,1874
cellsize      100
NODATA_value  -9999
[rows 451 to 491 of 584, columns 186 to 278 of 655]
8 9 10 11 17 21 23 34 39 44 49 50 53 61 62 74 68 81 86 96 87 70 107 110 62 60 103 108 91 109 94 105 100 100 110 114 111 111 104 101 103 102 99 105 113 120 124 129 139 144 150 156 160 168 170 180 185 190 196 201 207 214 220 225 227 232 182 135 132 132 166 200 249 283 289 306 289 279 299 305 188 151 162 175 193 283 309 309 312 317 320 324 329
7 8 9 10 14 18 24 29 31 35 44 47 51 54 61 63 68 76 87 94 52 90 95 98 85 32 78 100 88 99 91 78 91 97 103 108 105 102 98 96 98 94 99 107 114 119 125 132 136 141 148 154 160 160 168 176 180 186 193 198 204 210 216 220 223 225 168 130 131 130 129 158 180 219 284 283 269 268 285 300 192 144 156 168 216 294 303 306 311 314 316 321 325
7 7 8 10 11 12 18 22 23 25 39 42 45 46 56 51 64 77 85 85 44 83 87 88 45 45 85 91 86 80 87 81 88 93 98 100 99 95 93 89 93 90 103 107 113 119 124 129 136 143 143 152 156 162 167 172 178 184 189 195 201 205 211 214 217 220 220 173 135 127 126 126 141 152 176 260 244 257 278 285 256 146 149 184 286 297 298 304 309 309 310 317 320
6 7 8 9 9 9 14 17 18 22 31 35 39 41 53 44 58 68 72 60 53 70 82 71 25 76 86 85 78 75 82 77 87 88 93 96 93 91 88 86 89 90 99 107 113 117 121 122 128 131 142 150 155 160 163 169 175 180 186 190 195 202 205 208 212 217 223 221 157 128 124 125 125 129 162 238 239 249 262 275 175 143 145 241 291 295 299 303 304 305 309 312 319
4 6 7 8 9 9 9 14 18 22 29 29 33 46 49 39 54 60 65 39 56 70 76 70 24 73 78 80 75 69 76 67 81 84 89 92 91 87 84 83 83 92 99 104 109 109 118 127 132 136 142 147 153 155 160 165 170 176 180 186 190 195 199 203 208 213 217 211 194 130 124 123 122 129 220 230 237 240 253 262 143 141 196 282 290 292 299 303 299 303 305 308 313
5 6 7 7 8 9 10 12 17 21 23 26 35 42 39 40 53 58 60 28 59 66 73 72 22 58 75 73 73 66 52 73 76 80 85 85 85 83 81 80 81 90 95 100 100 111 117 123 128 134 140 144 148 152 157 160 166 171 178 182 185 190 195 200 205 209 212 198 175 120 125 123 121 143 231 227 229 232 239 197 134 154 248 258 271 289 295 290 294 298 301 300 311
5 6 7 8 8 9 10 10 15 18 20 24 31 34 28 46 54 57 53 28 51 64 66 50 18 60 68 70 71 54 62 70 71 72 77 78 78 78 75 77 80 90 92 101 106 111 115 119 126 132 137 141 142 149 154 158 163 169 174 178 183 189 192 197 200 204 206 182 140 121 122 120 119 173 219 223 225 210 179 133 134 208 246 253 264 274 282 280 287 291 291 296 300
6 7 7 8 8 9 9 10 13 20 21 22 20 22 35 44 52 53 45 25 48 58 54 22 30 58 64 70 69 62 54 65 66 65 68 70 72 72 70 78 86 87 95 98 104 108 112 117 123 129 133 136 141 148 152 156 161 166 170 176 182 185 188 192 196 199 201 169 139 117 119 116 119 197 215 218 214 136 131 133 187 239 243 238 254 264 271 280 279 284 285 288 293
6 7 7 7 8 9 9 10 13 16 17 18 20 33 36 40 45 49 44 19 45 50 31 20 47 50 62 66 64 56 48 58 60 59 61 64 66 67 75 78 83 87 91 97 102 106 111 116 120 126 129 135 141 145 149 154 159 163 168 172 177 179 183 188 191 193 192 176 121 115 114 112 145 201 208 212 180 131 129 225 231 237 232 242 251 263 267 269 273 276 278 282 288
6 6 7 8 8 9 10 10 13 16 19 21 25 29 34 36 41 45 45 32 33 33 19 34 43 49 61 63 59 51 40 50 54 55 56 59 60 71 76 82 84 86 90 95 100 105 109 114 118 123 127 131 137 141 146 152 156 160 163 168 172 175 180 183 185 187 182 168 120 112 111 115 174 198 203 210 147 130 200 224 229 232 227 243 249 259 262 264 269 269 273 279 282
5 6 7 8 8 9 9 12 14 16 18 21 23 25 29 33 36 41 41 24 19 20 22 31 35 46 49 58 54 46 35 40 46 51 52 56 64 70 76 80 81 84 89 93 98 103 107 111 116 120 124 129 133 138 144 148 152 155 160 163 168 173 175 178 181 181 169 169 109 108 110 123 188 199 203 194 123 141 208 222 226 223 226 238 245 251 256 258 261 265 270 274 275
4 5 6 7 7 8 9 10 9 11 16 19 19 22 27 29 29 34 30 17 18 20 25 29 40 43 43 52 50 40 43 44 46 49 51 61 66 70 74 76 78 82 87 91 97 101 106 110 112 117 121 126 130 136 140 144 148 151 156 160 164 168 170 173 175 173 166 152 110 106 109 141 190 193 179 129 122 168 210 219 221 212 223 232 241 245 250 253 257 260 260 268 270
5 6 6 7 7 8 9 9 10 12 14 15 17 22 24 25 26 26 16 17 18 21 26 30 40 40 38 44 44 32 41 41 49 53 56 60 65 67 72 74 78 83 87 91 96 100 104 106 111 115 119 123 128 132 137 141 145 150 153 157 160 163 166 169 168 173 155 116 103 107 114 152 180 134 122 121 125 209 213 213 209 214 225 228 233 239 243 251 255 257 260 264 267
5 6 7 7 7 7 8 9 10 10 11 14 17 20 20 23 21 18 17 22 24 20 24 27 37 34 36 38 30 45 44 48 51 53 56 58 60 65 68 74 78 81 85 89 94 98 101 104 110 113 117 122 126 131 135 139 143 147 150 153 156 158 162 164 166 162 104 101 104 107 119 123 118 114 118 123 200 211 209 203 202 212 216 220 228 236 243 252 254 256 260 263 265
7 6 4 6 9 9 9 8 9 11 10 12 12 14 16 17 16 15 22 24 26 25 21 21 22 29 31 30 46 46 46 49 52 54 57 58 60 63 67 71 76 80 83 87 92 95 98 101 107 111 116 120 125 129 132 136 140 143 147 150 152 154 157 160 164 140 98 100 103 108 114 112 111 114 120 187 206 203 200 200 203 206 213 224 233 239 243 247 250 251 260 257 260
5 4 5 3 4 6 10 11 11 9 7 5 7 8 9 12 13 12 24 24 26 28 31 35 34 30 37 43 44 45 48 51 53 56 58 60 62 64 67 71 74 78 81 85 89 90 95 100 104 109 114 119 122 126 131 134 136 139 141 145 148 151 156 158 152 99 98 102 103 108 109 111 115 165 186 196 196 187 204 203 205 207 214 226 231 237 240 244 247 250 250 250 257
4 4 5 4 4 7 9 9 6 5 12 12 14 14 8 11 10 23 24 24 27 27 30 34 35 35 38 41 43 47 49 51 54 56 58 60 63 65 67 69 73 76 80 83 86 89 94 99 102 107 111 116 120 124 128 130 133 139 140 145 147 146 147 119 93 93 99 101 104 107 111 121 170 186 187 188 178 196 206 205 207 207 215 227 231 232 237 243 244 244 244 250 252
5 6 5 4 5 6 6 5 6 8 11 15 15 17 15 15 19 24 23 25 27 27 29 34 35 37 39 42 44 46 48 51 53 55 58 59 63 65 67 69 72 75 79 81 80 86 92 97 100 105 109 114 116 120 126 126 126 122 123 127 121 107 94 91 92 98 100 102 106 110 141 170 176 178 170 168 192 200 202 204 206 211 221 226 226 227 229 237 238 240 238 241 250
4 5 6 5 4 5 4 4 7 8 12 13 15 15 17 18 18 21 23 24 27 28 30 33 35 37 39 42 44 46 48 50 53 56 59 62 65 67 68 71 74 76 77 80 82 85 90 94 100 104 108 112 113 113 112 107 93 82 84 89 90 88 90 93 97 98 102 107 112 130 173 176 176 169 163 187 192 195 198 200 204 210 219 222 222 222 226 229 232 235 239 241 245
3 4 5 5 4 4 4 4 6 7 12 14 15 16 17 18 18 20 23 25 27 29 31 34 36 38 40 42 45 47 49 52 55 57 61 65 67 70 71 73 75 76 78 83 86 87 89 96 100 103 109 107 104 100 78 79 82 83 85 85 87 89 92 92 95 98 102 110 107 167 170 174 173 163 181 189 188 192 194 199 202 206 209 214 218 219 223 223 228 232 239 240 244
3 3 4 4 4 4 4 4 5 8 11 14 14 16 18 19 20 22 24 26 28 31 32 35 37 38 41 44 46 49 51 53 56 58 61 64 67 72 73 77 79 77 79 81 85 83 86 89 94 87 83 74 74 73 72 78 80 81 84 86 88 89 90 93 96 98 101 104 151 169 166 169 167 162 179 182 184 188 190 193 195 199 204 206 209 216 219 221 227 232 234 239 242
5 3 3 3 3 3 4 4 5 8 11 13 14 15 21 19 20 22 24 26 28 30 32 35 37 38 42 44 46 49 53 58 57 58 55 46 47 59 67 75 62 57 59 63 63 64 65 67 70 67 69 69 71 74 77 78 81 84 81 83 89 92 93 95 95 99 107 146 161 159 161 160 160 173 177 177 181 183 185 188 190 196 200 202 207 210 216 223 227 229 232 240 243
3 6 6 1 2 2 4 4 5 8 10 12 14 16 19 20 19 19 22 24 26 28 31 33 35 37 38 42 45 47 51 50 51 49 43 44 45 48 52 53 53 53 56 59 63 64 65 66 66 65 67 70 72 74 75 78 81 81 99 83 86 92 95 95 98 127 147 157 154 151 159 162 166 171 172 173 176 179 180 184 191 192 196 199 208 212 219 221 221 225 232 236 238
0 0 1 4 5 3 3 5 6 9 11 12 12 13 16 19 20 21 22 24 26 27 27 29 31 32 32 32 39 31 31 32 34 39 39 42 44 44 47 51 53 55 57 58 59 61 64 64 63 63 66 69 71 73 76 78 79 82 81 87 88 91 93 102 128 138 149 151 150 154 159 161 166 167 167 168 172 174 177 182 185 189 192 198 203 211 214 216 221 222 227 231 238
0 0 0 0 1 6 7 6 8 10 10 10 11 13 15 17 19 21 23 23 25 26 26 26 26 27 26 25 28 32 33 35 38 42 43 41 41 43 47 50 51 54 56 56 58 59 57 58 60 65 68 70 75 75 76 77 80 81 85 89 92 93 106 127 137 145 146 148 151 153 155 160 162 162 161 162 166 169 173 176 181 184 191 195 202 204 211 213 215 218 222 228 233
0 0 0 0 0 0 5 8 9 9 10 10 12 13 15 17 19 21 21 22 25 25 22 19 21 22 23 28 31 33 34 37 38 40 43 43 43 44 48 50 51 55 54 54 55 61 74 80 82 91 92 89 94 88 78 79 82 85 89 91 95 105 122 132 140 144 145 147 149 148 151 156 157 155 154 158 163 164 165 170 177 182 191 194 198 202 210 209 211 215 220 224 223
0 0 0 0 0 0 0 0 6 9 10 9 11 11 12 16 17 18 18 20 15 15 16 16 18 21 24 30 31 31 34 37 40 40 40 42 45 47 49 51 54 56 55 71 76 76 80 82 92 98 103 105 104 94 86 88 89 91 98 103 106 118 128 133 141 140 143 146 146 146 149 150 152 148 152 154 156 160 159 163 171 177 184 191 194 201 204 202 206 210 212 215 210
0 0 0 0 0 0 0 0 0 1 9 9 7 7 13 12 12 15 12 12 12 14 16 16 15 16 25 28 29 32 36 37 41 43 43 44 47 45 46 50 61 67 76 75 78 79 81 82 91 93 97 97 91 94 93 94 93 95 97 100 114 120 129 133 138 141 143 144 143 144 145 146 145 143 145 148 151 150 160 166 172 176 180 183 186 189 192 198 202 203 204 200 211
0 0 0 0 0 0 0 0 0 0 0 8 8 15 10 10 9 8 10 12 12 12 14 14 13 15 21 21 29 33 37 42 39 44 46 48 49 52 65 68 66 66 71 74 76 78 79 81 86 88 87 85 88 93 93 94 95 97 97 106 117 120 126 132 135 137 139 140 141 139 141 139 139 137 138 144 151 149 158 165 171 175 176 179 180 180 189 193 196 197 194 202 206
0 0 0 0 0 0 0 0 0 0 0 5 5 5 7 8 8 6 10 2 7 11 11 11 12 12 17 26 29 32 33 43 40 40 48 50 53 57 64 64 65 68 70 72 74 76 77 79 82 82 84 85 87 89 92 94 96 97 99 108 113 115 120 125 132 134 136 135 136 135 131 131 131 132 134 143 140 152 155 160 168 173 174 175 169 180 184 191 187 189 191 201 209
0 0 0 0 0 0 0 0 0 0 0 0 4 8 7 7 6 6 6 4 6 8 9 9 14 15 27 25 25 43 42 43 44 44 48 52 54 57 58 61 64 66 68 70 72 73 76 78 78 79 80 83 85 88 90 92 94 96 101 106 109 109 110 122 124 132 132 131 130 132 127 124 122 120 131 130 140 147 153 161 165 166 168 159 160 175 176 180 179 186 195 203 206
0 0 0 0 0 0 0 0 0 0 0 0 1 4 5 5 4 5 5 5 6 7 8 9 14 21 24 21 37 45 38 38 41 40 48 53 54 56 57 60 63 65 66 68 70 71 74 76 77 78 80 83 85 87 89 89 89 95 102 106 106 103 108 113 113 123 128 128 127 127 124 119 119 122 127 133 138 144 150 160 159 160 156 156 161 170 168 173 180 187 192 195 198
0 0 0 0 0 0 0 0 0 0 0 0 0 1 2 3 3 4 4 5 6 7 8 11 21 14 17 23 24 41 38 36 37 40 46 51 53 54 56 59 61 62 64 65 67 71 73 73 75 78 80 82 84 86 87 88 91 95 101 104 104 101 103 105 110 115 122 123 124 124 117 117 122 125 127 130 136 141 149 155 155 153 151 151 158 160 166 174 179 185 189 189 191
0 0 0 0 0 0 0 0 0 0 0 0 0 0 1 2 3 3 3 4 6 8 9 13 20 17 22 26 27 32 33 34 36 38 43 49 50 51 54 56 58 59 61 63 66 69 70 73 75 77 79 82 83 85 86 88 90 95 99 100 100 99 97 99 104 108 115 118 116 110 111 119 123 123 125 129 136 142 148 150 149 151 146 148 153 156 164 170 175 181 182 185 186
0 0 0 0 0 0 0 0 0 0 0 0 0 0 0 0 2 3 3 4 6 7 8 11 17 20 23 25 29 31 30 33 35 37 41 45 47 49 52 54 56 59 60 63 66 69 71 73 74 76 78 81 83 84 85 87 90 93 95 96 95 94 94 95 96 103 112 111 112 111 113 117 119 119 123 129 134 141 145 146 147 145 141 144 150 153 161 165 167 174 177 181 181
0 0 0 0 0 0 0 0 0 0 0 0 0 0 0 0 1 2 4 5 6 7 8 10 15 22 21 21 27 28 29 33 35 37 40 44 46 50 52 54 57 59 62 65 67 70 72 72 73 75 77 78 80 82 83 83 86 90 92 91 92 91 90 89 91 102 107 107 107 107 111 111 113 118 122 126 131 136 142 143 143 142 139 141 145 151 157 159 162 168 172 172 177
0 0 0 0 0 0 0 0 0 0 0 0 0 0 0 0 0 1 4 6 6 8 9 11 15 18 17 24 24 26 28 29 32 35 42 44 46 49 50 54 57 61 62 64 66 68 70 70 72 74 76 76 78 80 81 80 83 87 88 88 88 88 87 86 88 95 101 100 102 102 108 107 112 116 118 121 126 134 141 139 139 138 136 138 142 149 152 154 156 162 167 170 174
0 0 0 0 0 0 0 0 0 0 0 0 0 0 0 0 0 0 1 4 6 8 9 11 14 17 21 21 23 25 27 28 29 33 42 44 46 48 51 54 58 61 62 61 62 64 66 68 71 72 73 75 75 76 77 79 82 85 85 85 85 85 85 84 86 91 91 95 97 98 98 103 109 111 113 116 120 134 137 136 135 134 134 136 140 145 147 149 154 160 162 165 170
0 0 0 0 0 0 0 0 0 0 0 0 0 0 0 0 0 0 0 0 2 5 7 10 13 16 18 20 22 25 27 29 32 37 42 43 45 48 52 54 58 60 59 59 60 62 65 67 69 70 72 73 72 72 75 78 81 82 82 82 82 82 83 82 82 85 86 90 92 92 94 100 105 107 108 109 118 130 134 133 131 130 130 133 138 141 142 149 152 155 157 162 161
0 0 0 0 0 0 0 0 0 0 0 0 0 0 0 0 0 0 0 0 0 2 6 10 12 14 16 18 21 25 27 31 34 37 40 40 44 47 50 53 56 58 57 58 59 61 63 65 66 67 71 69 69 71 72 75 77 79 80 80 79 80 80 78 77 81 84 87 89 90 93 101 101 103 102 104 114 124 129 128 127 125 126 129 132 134 138 144 147 148 149 151 158
0 0 0 0 0 0 0 0 0 0 0 0 0 0 0 0 0 0 0 0 0 0 6 9 12 13 15 17 20 24 28 32 34 37 39 42 43 46 49 52 54 55 56 56 58 60 61 63 63 62 65 66 67 68 70 73 75 76 76 76 76 76 76 75 74 75 80 81 84 86 99 99 96 99 98 100 100 110 119 120 119 119 122 124 126 131 136 141 142 140 148 153 163
