msi.gama.models/models/Toy Models/Articles/CyberGeo 2013/includes/mnt.asc
ncols         100
nrows         150
xllcorner     893404.0
yllcorner     2016744.0
cellsize      9
NODATA_value  -9999
[rows 0 to 23 of 150, columns 0 to 54 of 100]
179.9769794341214 179.62563354229155 180.0 180.0 180.0 174.52713313635604 171.1477383954741 168.21300656610856 161.81646348224444 162.36359103713744 160.0 160.0 159.49032183722352 157.56735104058293 155.91947447348116 151.79857326319438 149.9060570436045 147.60414757488752 142.6541440703702 140.0 140.0 141.2226967432939 133.1136603821683 131.31216498729805 127.94399745372539 120.0 120.11841668915758 120.0 120.0 120.0 120.00557137714463 119.88587059889232 119.80641552218594 120.0 117.25433683702613 116.05704204292397 114.07481283951438 108.83112073729012 106.20630283952892 102.2081128969387 101.19719587048644 100.0 100.0 100.0 100.0 100.0 100.0 100.0 100.0 100.0 100.0 100.0 100.0 100.0 100.0
179.95764667663525 180.0 180.0 180.0 177.18118873312392 177.5393891518238 171.0897842719553 169.1491633845917 164.9420142016511 161.57778325953313 160.0 160.0 160.0 158.83750363342097 156.38242073999572 152.87544684353884 149.13307196482606 146.32014580544387 143.74027168346493 140.0 140.0 136.33842534825658 135.3028898330142 131.47230942077454 127.8866660329993 123.15052002892617 120.0 120.0 120.0 120.0 120.0 120.0 120.0 120.0 120.0 120.00013702885258 110.66505671984828 107.05416461011055 105.63976734301673 102.91064079677199 100.0 100.0 100.0 100.0 100.0 100.0 100.0 100.0 100.0 100.0 100.0 100.0 100.0 100.0 100.0
179.9911265808496 179.7019325407707 180.0 180.0 178.24661961537186 174.92563696538764 172.10609182709914 168.6144758842952 165.8459396529429 163.00317466917068 161.08096818284457 160.0 159.50567732483796 160.0 160.0 151.99709108388515 149.3664843881495 145.21639719960058 142.70502173446312 140.0 140.69576563685177 140.40056289698532 134.02344068160164 131.62185002480578 128.176997166124 122.24725875617605 120.0 120.0 120.0 120.0 120.0 120.0 120.0 120.00100487825284 120.0000137028851 112.5406313782255 108.60732163306261 107.46063323513317 102.2872692342255 100.0 100.0 100.0 100.0 100.0 100.0 100.0 100.0 100.0 100.0 100.0 100.0 100.0 100.00000000000136 100.0 100.00000000000091
179.9613609223527 180.0 180.0 180.0 177.58478016534173 176.97337427709908 174.77244398210883 168.450783314531 164.29741987088073 161.98094777924052 160.72698931882314 160.0 160.0 157.81290081342127 160.0 160.0 148.4804214789001 144.86829404196692 142.47860477033555 140.0 141.14397451638 140.5965322365007 134.208101619035 133.06599699925346 128.35949786418314 124.1083112598551 122.45334363164693 120.19913337380945 120.0 120.0 120.0 120.0 120.0 120.00553895525559 114.38196870703837 113.28654912540514 108.17882764893602 105.05886970937627 103.53835449701455 100.0 100.0 100.09076800547018 100.0 100.0 100.0 100.0 100.0 100.0 100.0 100.00000000003752 100.0 100.0 100.0 100.0 100.00000000004229
179.9189992534259 179.8491518744413 180.0 180.0 180.0 177.36660819031908 170.6457057098346 168.92315940188564 165.4652313292329 162.5125886997912 160.21003834600197 160.0 160.0 157.7424296310203 157.2765018634475 153.53938538900297 146.571661990248 144.66680838672983 142.92020596344332 140.0 140.58695364596838 139.96990132809788 134.90499972197904 133.17065616270474 128.25457388364998 121.99540077866754 120.80788441141726 120.0 120.0 120.0 120.00971382311286 119.29878374775649 116.93451215451478 118.12174399887704 112.25801157613205 110.2621301684926 107.41393011540276 104.58334303954348 103.15110354024546 101.2355186680636 100.85889899740914 100.0 100.0 100.0 100.0 100.0 100.0 100.0 100.0 100.0 100.0 100.0 100.0 100.0 100.00000000004638
179.97407637788774 180.0 180.0 180.0 177.1851467981976 173.29878554602988 172.67830143908918 168.66316399952166 165.57496415399055 160.6971635914988 160.0 160.0 160.0 156.2386388715954 153.7829027381074 151.73474430808915 148.06645030812615 144.85991469984197 141.9600034067364 140.0 140.14849427374747 137.17245745892887 138.57774838757155 133.11129293587032 128.5475751669485 122.577099541498 120.0 120.57748185534592 120.0 120.14793033232081 120.0 118.37166890128856 116.45290131081697 114.44327807968625 111.88938030525924 108.83849636625632 106.24054754990993 101.88661612388228 100.0 100.0 100.0 100.0 100.0 100.0 100.0 100.0 100.00000000105092 100.0 100.0 100.0 100.0 100.00000000501564 100.0 100.0 100.0
179.99902152470918 179.86426139506943 180.0 180.0 180.0 175.1214238795801 170.09965554885343 168.59489775585757 160.0 160.0 160.0 160.0 157.89826534229724 155.6057556067003 153.43055748737584 151.7706624653124 146.96249988713657 144.28298805932332 142.591755157747 140.0 140.0 140.02994483845532 140.0 133.74724738770215 129.23846844083664 124.48420923293202 123.10382433570749 120.0 120.0 120.14551773667836 120.04938615239757 120.02072609425204 117.89056625561193 113.61749192806565 110.46598338168792 107.43401629760115 104.05785304640813 102.79142689495643 100.59913221381566 100.0 100.0 100.0 100.0 100.0 100.0 100.0 100.0 100.0 100.0 100.0 100.00000001087597 100.0 100.00000000097907 100.0 100.00000000030809
179.73727816043242 179.1043366241563 180.0 180.0 175.5654095551315 174.80308061570076 169.5211075729119 165.69604223908505 164.7607353275264 160.0 160.0 160.0 160.0 157.63104702020405 153.7970203854286 150.61231752527715 147.13787176548703 141.3757777388098 140.22458628841628 140.0 140.0 140.0 135.14412152825025 133.93600609694658 127.70130883607703 125.81094527677828 121.32478424997771 120.0 120.0 120.0 118.10142417113366 120.01082655269306 114.69734352911019 111.4877385168013 109.48008150939108 104.05218328059641 100.94230789886569 101.56136070392563 100.94056533855269 100.0 100.0 100.0 100.0 100.0 100.0 100.00000000340083 100.0 100.0 100.00000001236435 100.0 100.00000000601472 100.00000012431656 100.00000001538524 100.0 100.00000000035789
179.97015650362846 180.0 180.0 180.0 180.0 173.97791778819237 169.23741758735764 164.22822359508496 164.40209585138314 162.34030070832273 160.0 159.24670716394098 158.35735389364913 160.0 151.576452417253 149.67087654553507 145.44774487617292 141.78833614184668 142.19075129241105 140.0 140.0 138.5295450536421 136.28953356622287 132.02287595860616 129.59644608495455 121.09090909090901 121.4486997592528 120.0 120.0 120.02558189495517 120.00060441983214 120.01081902204442 114.73786262430053 109.17800997412792 105.44076925179797 102.97192248031934 100.0 100.56678738377991 100.13398340197932 100.14202951049924 100.0 100.0 100.0 100.0 100.0 100.0000000320972 100.00000003546825 100.0 100.0 100.0 100.00000004032063 100.00000000608156 100.00000000637033 100.00000260063553 100.0000023616276
180.0 180.0 180.0 177.34033918760815 174.91294719396092 175.56824078879094 168.79295985463204 166.9225996309533 160.0 160.0 160.0 158.81984798371604 158.5643320753452 153.29662519171598 155.55555555555566 146.60711038370596 143.5185185185187 144.30404503203818 140.0 140.0 140.24128299211634 138.9343067046982 134.63970914410015 132.50707086667717 129.36539225989054 124.9134485827808 120.0 120.0 120.0 120.17440766764116 118.96764350129638 115.93691222069742 111.96838053710462 109.93957806489266 104.25512799742592 100.43736153413329 100.0 100.0 100.4163789898987 100.0 100.0 100.0 100.0 100.0 100.0 100.0 100.00000005572838 100.0 100.0 100.0 100.0 100.0 100.0000023530697 100.00000040553368 100.00000284942575
179.900609509177 180.0 177.45595687683 176.5773775355774 174.31050085755624 173.13817401227152 168.51087830339998 163.90243902439033 163.7036436848482 160.0 160.0 160.0 158.75079105291866 153.34898471653923 150.58690650671087 148.36863958711433 146.16482508756985 140.0 140.0 140.0 140.0 139.72716027986894 136.25931490626112 133.25661995658515 127.46826916451278 125.27015188199425 120.0 120.0 120.0 120.0 118.74895705315134 115.59468936608596 112.57877278486876 108.75479639883702 102.81218368365398 100.0 100.13918660548575 100.0 100.0 100.0 100.0 100.0 100.0 100.0 100.0 100.0 100.00000011142515 100.0 100.0 100.0 100.00000021588562 100.0 100.00001357371957 100.00001665527293 100.0000123474847
179.9811194206627 180.0 179.59711279898102 180.0 175.2967386236055 173.22053488272923 167.62718721097235 164.56403405138622 164.13840895350359 162.2774307620116 160.0 159.00466332715587 156.6894029016721 154.01160432211304 151.46588869599873 148.18759668351572 144.38790097576702 142.98974789815588 140.0 141.20302971026877 140.34232595838535 136.72954300960055 134.77216960207625 130.95834062547988 126.92278984007635 124.52693694339791 120.36372221510578 120.0 120.0 120.0 120.00921740244144 115.71944161887654 112.88145391556077 109.53041780408466 103.34047853166044 101.57865648043571 100.0 100.0 100.0 100.03309700157433 100.0 100.0 100.0 100.0 100.0000005266179 100.0 100.0 100.0000008093541 100.0 100.0 100.00001319094144 100.0 100.00001678624608 100.00001506452463 100.0000185279846
179.97822231345822 180.0 180.0 176.51501203048588 180.0 171.35062349621649 167.43738248826526 163.6816747237524 163.03946543497568 161.18936785604183 160.0 159.04105903885193 155.9196521382305 153.07369187933114 150.18726760549657 147.62131293360017 144.24200335801083 142.0385206181536 140.0 140.39094650205766 139.08062000293467 139.06846064814135 135.07593015403768 132.25976818451727 126.79491075071951 124.62922562125755 121.59156721888394 120.0 120.0 120.03479675754784 120.00982340068845 115.52691763890266 112.54743771412018 108.79974738353485 105.13336046353538 102.03138823274321 100.0 100.0 100.01530218408698 100.0 100.0 100.0 100.0 100.0 100.0 100.0 100.00000041222688 100.0 100.00000054984457 100.0 100.00000582342045 100.00002262240946 100.00002601148208 100.00002500554297 100.00003589791686
180.0 180.0 178.91977047823138 177.66327144361208 172.47564427643624 171.0598722982761 165.71538072745466 164.95957978252977 163.16618229513097 160.0 160.0 159.31283607181695 156.52631258152337 153.64811782902143 150.88217013224198 148.58069452347013 144.36659349061188 142.81409254879873 140.0 140.0 139.3706425522662 139.15171614325527 132.69866034313145 132.12868701383127 127.34715115742165 121.58327097378606 122.0014079617788 120.0 120.15362337402553 120.05715774673763 117.44393810742395 114.37913023066994 112.99583939555737 106.79567814715551 106.50078620331283 104.149544502249 100.24706912907664 100.0 100.41906543199912 100.0 100.0 100.0 100.0 100.0 100.0 100.0 100.0 100.0 100.0000020030036 100.00003089537472 100.00004292130825 100.00003739237945 100.00004319174627 100.00006098486642 100.00005833172213
180.0 180.0 178.21264822126 177.88730063720755 172.42553606649017 170.91810669303982 166.7691767792719 162.45640340513864 162.47356082887063 160.0 160.0 160.0 157.146983856446 160.0 151.8055098382688 149.02952545611538 145.67333342835332 142.6518477133593 140.0 140.26197025288593 139.17991772079836 137.3474996831951 133.01825387617782 130.92570678625998 122.87296290459312 121.68641082333875 120.1449212575053 120.0 120.30183452077154 119.46045193306622 120.0422850721186 120.06691031590367 116.90959589867248 109.91779716192673 107.20098589887675 100.29729237817105 100.0 101.6461403206165 100.0 100.0 100.0 100.0 100.0 100.0 100.0 100.0 100.00001579853688 100.0 100.00003585856757 100.00004516696299 100.00006859756763 100.00006090604757 100.00007124989634 100.00007465634258 100.00007655057993
180.0 179.9977663911243 179.9977663911243 175.66160423684414 171.91972261100955 170.52594226632777 162.51729058637898 163.17482926262755 159.943786082448 160.0 160.0 160.0 158.45161290322585 156.1100569259961 150.21485204845112 147.41383104847023 144.45965695169116 142.63817959470066 140.0 140.12765493451616 140.0 137.04552899797136 132.9842675055031 131.16492674137226 126.52215969039253 121.62987854070684 120.0 120.0 120.0 120.0802080966148 120.02704001821985 117.5461537755989 114.07145075540939 111.52268985216756 106.42968457874781 104.45289837495943 100.0 100.0 100.0 100.0 100.0 100.0 100.0 100.0 100.0 100.0 100.00008125184195 100.00007461186601 100.00000258264731 100.000084045221 100.00010781235505 100.00008979362428 100.00011518868996 100.00012823422594 100.00010183002564
180.0 178.85879930149713 176.72297158962806 175.21125311268224 171.10620290759175 169.1018769551481 164.36219834399367 163.06799303870957 160.92756320991043 160.0 159.8049903087183 160.0 156.94031473462542 152.84695751827053 153.5453380452309 146.9815153109489 145.3013107900597 142.08615809332514 140.0 140.0 140.0 140.0 131.98517454407101 129.18351778249985 125.96213813827808 123.69059950098358 120.27108109265009 120.0 120.00120610283602 120.0792754165875 118.8062805903819 116.89905982366054 117.14681446684699 110.83735105013011 108.19269886487814 104.61505502749833 100.0 100.0 100.00406072276519 100.0 100.0 100.0 100.00021513264869 100.0 100.0 100.0 100.00002164984699 100.00011173944813 100.00010323327547 100.00012011913464 100.00013132140202 100.00009843329849 100.00012604318727 100.00013344252443 100.00012374593666
180.0 180.0 180.0 174.54553980107357 170.74502445472285 168.69067710098693 165.16319485281565 161.97396188432708 160.8658632174961 160.0 160.0 159.31137950998823 160.0 153.48476024476122 150.12819244745288 148.69860770402147 145.2746761033227 142.0702359044933 140.0 139.75450081833037 140.0 135.96730027671583 136.36363636363626 129.674495768003 122.73926170429854 121.34247117858399 120.69362743536726 120.0 120.30850303515899 120.02811898050732 120.0 116.92201764284755 117.47503071139295 112.40905478168838 108.21909364268026 104.83659218927778 102.7105675605194 100.3693024699453 100.06561667046094 100.0 100.0 100.0 100.0 100.00027603554781 100.0003502129257 100.00012300178741 100.00012769196792 100.00017501264483 100.00014645843066 100.00014750430569 100.00019739232766 100.00014998866163 100.00016872175638 100.0001681385827 100.0001416052969
180.0 178.69537200703235 177.4188584811816 173.9792452490026 169.76437582554559 167.7315236253096 163.05788546054055 162.01299928597314 160.65967306370112 160.0 158.7855996470646 160.0 155.41404778974902 154.3499237045703 150.9982754254288 142.58064516129025 140.0 141.76737438501868 140.0 140.0 136.21655300521047 140.0 130.48777982947786 129.30658251158184 122.61447325744803 121.24483691105047 120.0 120.0 120.0 120.00268400544815 119.53605129322386 120.0 119.4076720375133 111.61894478238037 108.68354638826645 105.57721464447104 101.84489946218878 102.09043159978023 100.0 100.0 100.0 100.0 100.0 100.00033273229474 100.00047626266746 100.00022354840485 100.000273824749 100.000291384599 100.00020013238554 100.0002041971859 100.00025646980612 100.00016973884703 100.00018064240498 100.00019218028092 100.00016087425502
180.0 175.8766765279388 171.8672179402579 175.4026276641223 171.3833236768187 166.50762756194467 160.0 162.27617219203057 160.0 160.0 158.81782108726884 158.42181197864056 158.2580645161288 152.2184786039959 149.06819186287134 144.14062380843438 143.2362584588775 140.0 140.0 140.0 138.9055756278117 134.29350847838646 130.301647202431 128.8125736158222 124.1807811350709 121.43750625593884 120.01387018261562 120.0 120.2000263388577 120.0 120.0 116.16039611875067 116.66553612171424 113.58013904058839 108.3581427984791 105.84166404101006 102.08700393685649 100.44096812017187 100.1047096796899 100.0 100.0 100.00763698348464 100.0002512136416 100.00040057231263 100.00053671496607 100.0002651154357 100.00037187547309 100.00036504713535 100.00020932219081 100.00028427006396 100.00023875389888 100.00019731492375 100.0002050260307 100.00019618448323 100.00019131222962
177.01930575545748 180.0 174.66692340985378 173.79419779697287 168.5781076327437 162.58064516129025 163.97749893920127 160.0 160.0 160.0 159.3882457509319 158.89206662062406 157.24120845732364 152.13859020310633 147.40306969486232 145.475921250277 142.3739374623401 140.0 140.0 139.79020979020993 138.4048765531645 135.16830829416153 129.42147481109032 127.48345301381391 122.0680941579526 120.0 120.01594335577693 120.0 120.0140193243642 120.0 119.02320726576545 116.12970489974987 116.07642596861456 111.52995389697094 107.94980375513501 105.38843021188973 100.93205762616981 100.5844814369716 100.0 100.0 100.0 100.0 100.0 100.0 100.00057978957352 100.00014501690134 100.00032713088012 100.00037768547304 100.0002389005083 100.00029457470828 100.00030004270502 100.00021649252676 100.00022373258639 100.00020802262816 100.00019885110578
174.15383409616152 175.08899192802346 170.28879986225866 171.61316803873774 166.60820144545687 164.53195507703322 163.33674352266667 161.09499265526802 160.0 160.0 160.0 158.61138495965247 156.03625909619836 151.0335576788957 147.7050781320147 146.05635441668596 142.5063790500892 140.0 140.00994997819726 138.98187599972084 136.88687122825422 133.05026876075044 128.67316118339818 126.80605243092805 122.13653192446009 121.04133417904222 120.0 120.0 119.7061964533641 119.27700873822891 118.14531796129086 115.9917657884962 114.52449553235556 111.8882304638912 107.84273718463146 105.14238888545628 101.72522300776836 100.0 100.0 100.0 100.0 100.0 100.0 100.00103669121745 100.00131206224728 100.00030737061957 100.00038112609764 100.00047678748456 100.0002148808071 100.00027392100333 100.00025200373511 100.00022416132333 100.00022044036609 100.00021757865898 100.00015005758519
169.17927581568733 169.72302445278638 166.57312047684218 167.09583655223742 164.720293746459 163.18341338314326 162.1613961652904 160.90819642975976 160.0 160.0 158.83183486022904 158.93977711591242 154.3587799385532 150.1149293155106 147.25349098038896 144.25233352931969 140.0 140.0 140.0 137.2616011367595 136.13071466417728 133.3850984792632 126.46491586075422 125.46765517241352 122.27894227245633 120.20328020328043 120.0 120.51084546105835 120.0 120.0 120.00097809239765 113.69888478999314 112.82505001322897 109.69616489911141 105.35421867488458 101.83674424442256 102.18537773108051 100.63186009907008 100.09894321322827 100.0 100.0 100.0 100.0 100.00084319326197 100.00157090641824 100.00000056193994 100.00027353017254 100.00040501589206 100.000236132503 100.00024239208346 100.0002385937712 100.00021327933496 100.00021675273956 100.00020790841336 100.00019946041834
168.53152789518253 166.7710917666525 165.83905564363295 166.40421315544313 163.97656751457453 162.4989296788383 160.0 160.0 160.0 160.0 160.0 156.33845167053778 153.33833759395293 149.76975681325757 146.62549617204218 142.50972034040797 141.2224506150967 140.0 140.0 138.71871671541862 134.2694088670346 131.51463634857237 127.69364705616113 121.32405798702507 122.95930052311405 120.11902406385161 120.0 120.0 120.05571393257173 120.0 116.07679773776408 112.91898442533534 111.67282863866649 103.73223993111719 100.45456768391819 103.30511611680458 101.7026684318289 100.8140188148518 100.07123771217789 100.0 100.0 100.00861160149657 100.0004457026007 100.0 100.0 100.00010762399916 100.00023355462304 100.00031845695435 100.00016530360563 100.00022172281047 100.00023904856084 100.00019564938452 100.0002064828459 100.0002035516975 100.00006170647248
