msi.gama.models/models/Toy Models/Articles/CyberGeo 2013/includes/mnt.asc
ncols         100
nrows         150
xllcorner     893404.0
yllcorner     2016744.0
cellsize      9
NODATA_value  -9999
[rows 24 to 47 of 150, columns 0 to 54 of 100]
165.87791883990758 165.4120659337782 164.39796535134496 163.4680478055443 162.9641376018467 161.5194758450832 159.91521149903997 160.0 160.0 160.0 160.0 157.29375611299042 152.73272917276222 148.91762812313095 146.03822672750562 142.90203322201387 140.0 140.0 140.0 139.14995319307377 134.41402254990885 134.06723776294075 123.39230290700357 120.23177986327278 121.7923289914786 120.35815648397238 120.0 120.04213649613166 120.0 118.69083954115445 118.08528241642307 112.4921217031781 111.37275923856873 105.45481220701754 104.23038540544894 101.4630954254585 101.61463550097278 100.87267897496395 100.06985072237217 100.0 100.0 100.0100320611125 100.00045719492755 100.00045156805868 100.0007368447989 100.00022964715254 100.00037198920336 100.00034422509066 100.00019398009863 100.00022564783262 100.00022296144698 100.00018934503646 100.0002005387762 99.99990014200557 100.00016373806966
162.71463223957335 162.55491697070624 161.66312257431514 159.9816066447545 160.03417297514966 159.9691178478738 159.90990919699516 160.0 160.0 160.0 160.0 155.91498055316106 152.54990265014249 148.06071558040435 145.59772818140732 140.0 140.0 140.0 139.69256961320912 139.1156320528728 133.26071898683517 130.8900081559966 127.256720041486 121.82952182952204 121.73129466080832 120.35523673334274 120.0 120.19935157607279 120.0 118.94091508229417 114.91841020236348 111.54275659314999 108.59008956696402 106.49451648766558 100.0 101.58095778080747 100.0 100.08914597163198 100.06760794441743 100.0 100.0 100.0 100.00047277850808 100.0 100.000799008777 100.00020190626765 100.00000365260894 100.00027595136703 100.00015153807203 100.00017790444485 100.00020156707319 100.00014999190762 100.00017324557143 100.00018162395645 99.99980826495948
161.68537670494743 161.9702348460819 160.85134630684001 160.7188479523959 159.9925796659295 160.0 159.98385696410787 160.0 160.0 158.83100029259094 158.06782074698594 154.7667531813015 150.2778469717823 145.24085165742645 144.92506398881483 141.9780176782233 140.0 140.0 140.0 139.83516483516496 132.7841766674785 130.76145005012563 127.29162323672472 122.38471755503974 120.0 121.094286857199 120.0 120.03041947558154 120.0103256770492 117.54808011467208 116.44873994582917 110.39497241935146 107.207736103564 105.742176944623 102.41353493014162 100.0 100.0 100.0 100.0 100.0 100.0 100.0 100.0 100.00061110358115 100.0 100.00011468211733 100.00000479534265 100.00016820342557 100.00013438788392 100.00014619627632 100.00017567686427 100.00013329784906 100.00016280598197 99.99850302743334 99.99800151476643
161.20462984555684 160.7573830715021 160.29585842696497 160.15552799959278 160.0 160.0 160.0 160.0 160.0 157.73713980263256 157.70784713467287 153.7867688645092 149.56814912797722 142.85271384289695 140.0 141.3094610790813 140.0 140.0 140.0 139.0061396052863 133.74474776400848 130.49965246629176 126.21912334311219 125.04240267210298 120.3144534631831 120.0 120.0 120.0 120.0 118.9358321556308 115.72819737431291 110.41479085520973 108.92860208886486 105.3025755441829 100.42786520317941 101.29762479536976 100.43371136917608 100.0041016659261 100.0 100.0 100.0 100.0 100.00001028192673 100.0003747804858 100.0006527268954 100.0 100.00001904717283 100.00020250320676 100.0001047337239 100.00015000195867 100.00015987142297 100.00014630199007 99.99958761990524 99.99614358837312 99.99587517028226
160.60017975258984 160.49345622969827 160.02905092986543 160.2068704564249 159.9494751791583 160.0 160.0 159.6726342245397 159.57537040826287 160.0 154.48637927388813 153.07756542055358 148.07631649513405 144.54598984706354 141.8532435083407 140.0 140.0 139.51596928421714 139.83516483516473 140.0 136.9230769230769 129.60273738092678 125.27943850112774 122.89433664694434 120.0 120.0 120.0 120.2279267778074 120.0 116.16839043177879 114.89491178751973 110.05309847928311 107.52706230477952 100.91371487801666 102.53820411235938 100.00530818946777 100.0 100.0 100.0 100.00001834318596 100.0 100.0 100.0 100.00000965261052 100.00007742801995 100.00006002682403 100.00017649500114 100.0001598643546 100.00006126519543 100.00007194298018 100.00015580944842 100.00014158834824 100.00015933104964 100.00016020653402 99.99574591322698
160.18149185688503 160.13531071862735 160.0914394718452 160.0800076322048 159.9996472349328 160.0 160.0 160.0 157.93675614867038 160.0 153.1858586685364 151.4012507673226 147.6630853206516 143.60743769809096 140.0 140.0 140.0 139.7860704092741 137.48490232853442 136.1700791424662 132.7933597474239 131.5510064546893 125.25820599618669 120.0 121.48681997855715 120.0 120.32004350374314 120.18443959964134 119.0272131920442 117.63321978884665 113.71928608004487 109.91532907426608 107.78770402315513 104.25889714854202 100.17415587202595 100.00002464010026 100.00001397576057 100.0 100.0 100.00249240512017 100.00018201783178 100.0000095391431 100.0001720010307 100.00009532370723 100.00001672177336 100.00002141029177 100.00018358504212 100.00009572636054 100.00016431525273 100.00015064076706 100.00015577452336 100.00011311961066 100.00012657110301 99.99237444581968 99.991225864939
160.01242175600441 160.0054112756825 159.99831202159885 159.99629807881342 160.0 160.0 160.0 160.0 160.0 155.92204415731726 151.84582394723998 149.93875670422972 143.5265911072363 142.66536098898973 142.20717577711275 140.0 140.0 139.7619319038306 137.11086435547418 136.78167107864942 132.0772174359513 128.8844001177224 124.1240335089376 121.80684233368515 120.57920698736757 120.0 120.0 120.0 119.45165877625504 116.08725478364295 113.45022594633906 109.24010591363253 108.02700566161047 101.63943381902277 103.00322498992978 100.07379185318018 100.06922614292648 100.02397554980394 100.0 100.0 100.0005000145618 100.00037120762931 100.0 100.0 100.0000760313767 100.00023131289254 100.0001119697315 100.00014141441238 100.00011517230723 100.00017186202899 99.99918725576936 100.00012426057128 100.00010548956743 99.99570835117356 99.99237957361538
160.02896705324224 159.99393324532093 159.9987316545123 160.0 159.99212158016599 160.0 160.0 159.18506904356082 160.0 154.0744854121465 151.09844313422104 148.4723655551063 145.37383670952772 140.0 140.32580328251197 140.0 139.84414810694534 140.0 137.7617195354021 134.90177305785983 131.39446195917458 128.60198928268142 124.36581454737939 121.88121642855572 120.0 120.0 120.0 120.0 117.38658186931275 119.9635285921629 113.15048071953811 107.55043126963528 104.20005648136112 100.0 100.06470303449305 100.0 100.0 100.00055029557006 100.0 100.0 100.0 100.0 100.0 100.00031039198598 100.0 100.00022461142407 100.00019488579346 100.00032015753277 99.99762957341864 99.99608130106321 99.99282102484722 100.00012962398205 100.00013265159009 100.00032942653911 99.97874102698302
159.9925383202101 160.01235032166574 160.0 160.0 160.0 160.0 160.0 157.8434057902998 154.30917259313128 156.42545771578057 148.79361028555172 146.84246049469857 142.54312468554417 140.0 140.0 140.0 140.11579875408893 140.0041328631171 139.00318824879105 133.66752308932564 129.92140216823964 123.75370610795653 124.68636461493656 121.21196796167123 120.59685722231347 120.0 120.20030121645368 120.08504392081954 120.0 119.989159989359 116.95799069457985 108.49133205929388 106.28653301666714 101.88797349734728 100.0 100.0 100.14781869745161 100.0 100.0 100.0 100.0 100.0 100.00020784391063 100.00043925579848 100.00043547488849 100.00055741109759 100.00046073236581 100.00040197583462 99.99508134212329 99.98839130915371 99.97759893729267 99.97603367638135 99.97565906451041 99.96568994950803 99.96498610233311
159.99536008689483 159.99777425878665 159.98871912328923 159.99361072381862 160.0 160.0 159.76453856920352 160.0 153.50307325669928 151.61242961375592 148.6119840873041 144.88977740316977 141.16563774475958 141.67442670625314 140.0 140.0 139.44598347604324 140.01295687709649 139.9769542706099 132.15421652858436 128.50345774177345 124.9654263497464 120.0 120.0 120.0 120.0 119.9826894231478 119.11381731686811 119.39837571886846 114.9197082348453 113.1295922264776 108.4785071388726 105.84098338275408 101.14336100261335 100.0 100.0 100.09615725940648 100.0 100.00509168274698 100.00147112061222 100.00230727398957 100.00073184620987 100.00098041740239 100.00099024226711 100.00100613018753 100.00094007685084 100.00108910699964 100.0005123858898 100.00110584189633 99.99071208702708 99.96505149609379 99.93998039721464 99.90877675170964 99.81487670361685 99.85728095077025
159.99737317828544 159.99953582208082 159.9997818617428 159.99334678315768 160.0 159.4455255314981 158.28288004164278 158.52048713983027 154.61872319233385 151.39006556479467 148.01202071768398 142.58064516129025 142.89589948525895 140.1146953405016 140.0 140.0 140.00849595114823 137.2959665045846 133.44439704142906 132.7783784453145 128.49441307129382 126.14914077803837 121.69710261752789 120.19370791748952 120.0 120.0384046202721 120.02797768229584 119.24100692438469 120.0 115.71862257408247 112.64309157606999 108.33374630151116 105.91931300394162 104.4013578037127 100.0 100.01064760018085 100.0 100.0 100.00182210032176 100.01017926466398 100.00122274360956 100.00226117049692 100.000812834812 100.00189370557496 100.00170331322761 100.00158873968303 100.00083230436417 99.99106427542438 99.97241526076414 99.95299572267095 100.00169442904212 99.95960261745222 99.95383445277662 99.92726120767338 99.92838671258778
159.99300568346507 159.95095981608756 159.9997558013397 159.9846617597375 160.0 160.0 157.37822735844975 155.91589025112262 152.26705904381947 150.69354327646943 144.92676728794845 141.5080422065455 140.0 140.78844890146024 140.0 139.56571966803995 138.24470881927436 134.52129591221046 131.59460730755336 129.9991556738712 126.07876967693983 122.79875734662573 120.0 120.0 120.0 120.0 120.0 120.0 119.88259222991633 116.51833825677636 112.7051257202379 108.74875697270727 106.81938459010394 103.07159531944762 100.01573611270351 100.0 100.02118178553997 100.0 100.02556028817344 100.01117673600697 100.00340979826342 100.00265723836878 100.00210941503542 100.00257552131734 100.00221698423547 100.0021077836866 100.0020196925609 99.98189721932545 100.00217545713849 99.91585243405711 100.00209565100658 99.90644670907204 99.87196176979273 99.86905720363256 99.85461377748561
159.9729739051818 159.99718025995935 159.98513150538793 160.0 160.0 159.82154497505712 159.8758066189439 158.35461041030567 151.68139815355585 149.55335930336287 143.94157734328928 142.13639415405623 141.65900680220466 140.0 140.0 140.00722155847598 136.5400861058738 133.30410548386067 130.85362908009893 128.06122682414093 124.51155722111366 122.16573126448043 120.98488446895408 120.71614050151425 120.0 120.0 120.0 120.0 115.92983151206226 116.43075669420818 113.500370422277 107.87713086008443 106.54205331966068 101.48402983052597 100.18119068162241 100.2541625492313 100.0 100.0 100.00297193223696 100.00363189920904 100.0038133039493 100.00346183062197 100.0020282089813 100.00214386736593 100.00201072634559 100.00278112886122 100.00260016179868 100.00253886085011 100.00244800286146 100.00249006326908 100.00230702736917 99.93898512767055 99.37446009865766 99.8997181461682 99.2410293992516
159.956661732185 160.0 159.99938870558185 160.0 160.0 160.0 156.45687604975774 157.76451914098993 150.26969445633154 148.6052107971493 145.3597352032507 143.4804608568702 141.60695144014744 140.0 139.72295173242105 140.0 140.0 133.91124612651424 129.04372435141295 126.7569149077392 124.07509031293421 120.4073221582612 120.4628513271764 120.0 120.0 119.80553597971584 120.0 119.06560593055178 120.0 114.70900892062127 112.82524604407786 106.55444836615493 104.32967749218301 102.31597437322716 102.02640651860315 100.12807668596088 100.0 100.01418754223187 100.0 100.00281344898326 100.00479854274158 100.00437540998405 100.00449351372345 100.0028421313134 100.00277349836392 100.00210439270995 100.00264617344851 100.00232018244355 99.98264362508462 100.00271833066404 99.7718419259545 99.68305489595491 100.0025804831364 99.3080261911789 99.70476023899846
159.98281319858938 159.9380145991579 160.0 160.0 159.21117082607748 158.1901552110744 160.0 154.56841256225903 149.09176313578087 147.86985496933085 144.5550546549823 139.9854516806722 140.0 140.0 139.05671021691978 139.33376838256686 134.0353202985325 132.31227724578844 127.49891896229133 125.13550374041665 120.0 120.56165939961852 120.48163981993889 120.0 120.0 119.73876497355309 120.0 117.98363938214584 118.5994754397966 113.65997625699583 111.26867718003405 106.559607783817 105.59283183434195 100.20594965675036 101.38001402859277 100.0 100.0 100.01556711285843 100.00188142549769 100.01229407487585 100.00866551300032 100.00536257873819 100.00513906789456 100.00320658275973 100.00389347065038 100.00381856700665 100.00332135217354 100.00232018244355 100.00232110500542 99.65799667213491 100.00247445827131 98.95982127808975 100.00260046352082 99.26345696817657 98.74802815889416
159.97038996741867 160.0 160.0 159.66108662555826 158.7663421135992 155.87955285229145 159.73321421847209 153.42529062242807 149.27242189420872 146.8221089898061 139.8806722689078 142.04707753940988 140.0 140.0 138.87938175947102 139.89419137667778 133.71963212456512 130.72055667565496 126.8494697445783 122.96296296296305 122.53894242807496 120.0 120.0 120.0 120.0 120.0 118.43244287491689 115.77230313427049 116.55739848573285 114.12792582113434 109.5988157665688 102.60869565217399 100.0 100.0 100.35449766725583 100.0 100.0 100.0 100.00078008481364 100.00162508818926 100.00856204242018 100.00457487826748 100.0061957377709 100.00538273345296 99.98578238431014 100.00421882539808 100.0037837089128 100.00259799791729 99.90976440764393 100.00270114027148 100.002638008325 100.00254714470066 96.40170001169258 95.45092745497072 94.01163577123884
159.66819210415247 160.0 160.0 159.8867993084184 158.23209688896168 158.6519440280756 151.64387376128798 152.15365747321744 146.10580878657288 144.6304710853808 143.05146267761802 140.0 140.0 139.88574943700291 139.89610132514554 137.4645911281891 132.46049298148296 128.91161762473257 125.6976284366217 123.20218319225091 120.44883589190408 121.0745438462377 120.0 120.0 120.0 119.75323374621485 116.37369058548074 115.84159936802962 113.13833003627428 110.37855356321484 106.57665024819767 103.95365312627405 102.56655754458643 100.0 100.0 100.0 100.0 100.0 100.01159768811931 100.01459462553885 100.00633765926636 100.00556642858874 100.00696789270887 100.00600203432214 99.97636811350912 99.96802036493318 100.00440338744056 100.00318467802708 100.0032111065384 99.50857390067245 99.62936458274612 100.00255884105923 95.89871577393797 94.209820342684 92.31622185546712
159.83171773916843 160.0 160.0 159.44795927970085 159.34458964976534 154.257217824588 150.64002358545395 148.9471523713521 142.76299626774812 142.77568293192076 141.97414126336366 140.0 139.9744597128472 139.92436974789916 139.76962291495533 133.3651720143714 130.61109649256696 127.73179840211196 123.93638152426115 122.40116456875285 120.0 120.0 120.0 119.92931263109335 119.69244276885934 120.0 114.90370206165971 117.48065180187245 111.85867005917271 108.74099456584122 107.1626878053255 104.0529646375212 103.37495432711239 100.150784570121 100.0 100.0 100.0857422013853 100.0909445550028 100.00199137903155 100.00138514265313 100.0119196802375 100.0078997459475 100.00827021787745 100.00723587441007 99.94804293505968 99.9526226840851 99.88815258523368 100.00388951654008 99.87912268684363 99.34769274695077 100.0024936714351 98.6286367091302 95.59470818805994 91.93406157546042 90.5609148752917
160.0 160.0 159.36932585276872 159.68940030510726 155.7074148161821 153.2971608232092 149.7414591973111 147.16624981949053 143.94868614847564 142.44642485765212 140.0 140.0 140.0 138.71428571428578 136.0007493897408 132.80878412249103 129.94423431256678 126.80798757409775 124.13286743541494 120.53221945076825 120.35932118071264 120.0 120.0 120.0 119.59186533539605 118.2786292173148 120.0 116.0 110.21804251282856 107.70285188574462 104.11507192556132 102.51635266635526 100.0 100.16024405595408 100.39665932556773 100.0 100.0 100.0 100.00394935118698 100.01477813705742 100.01308556569711 100.00651894309726 100.00824582867904 100.00774374672937 99.83716330402194 99.9116398831784 99.87407257447035 99.94901565260807 98.71939717386681 100.00352343600184 97.13078771324899 97.61465848715375 91.53589966113509 90.62607028054117 87.00089326049283
160.0 158.1560223284598 157.71192778183854 157.1706439896816 154.04860769129414 151.63824506789888 147.90747038448217 144.80950282685012 142.65143025232737 141.25002437822263 140.0 140.02269126176316 138.59667588263983 136.96771935478 134.17366958658363 131.77193597723954 128.90972757190593 125.45160193888023 120.74007871276626 120.38485519683127 120.2078071373453 120.0 119.98695857903863 120.00234132689343 117.29133744961518 116.27902845165386 112.90866567653643 111.29986500805558 109.16004142731344 104.58891814991512 105.37297484395663 101.2860644545317 100.0 100.43184107169122 100.0 100.0 100.04435638314385 100.02911652227522 100.01161524733357 100.01406711368668 100.01251201661694 99.90814719380887 100.00940598194575 100.00858448780195 99.69902667409337 100.00841765866244 99.56938894009159 97.99535024023407 96.39456755764013 95.65839802616097 95.3752244642933 93.79133300893182 89.78710056796558 86.38233375654113 86.03457292318058
160.0 158.663425220029 158.76138367994963 160.0 153.07917888563043 150.9548322483331 146.41370006777947 142.8037274570686 140.30895572106965 140.0 140.0 140.0 138.50300120048018 134.11080526326577 133.43221470378603 130.0380222194185 127.19068424681609 122.37347298946679 121.11243446569324 121.03868406905758 120.0 120.0 119.98067591772042 119.19133439500115 118.25527251151607 114.3971911019662 111.3263732402329 109.65442269010896 107.00776703815973 102.78260869565224 104.39714166826138 101.17328463952549 100.1706099372866 100.0 100.0 100.01620397179636 100.0 100.0 100.01463652153438 100.01610635622342 99.89635034629305 100.00823009059036 99.62470648903059 100.01044201760192 100.00825856289975 99.15497736895259 99.30465852900716 97.96703855998226 95.31105400519505 93.82320291083079 92.90881894551558 90.9549628282773 87.75774409094515 86.28246870182761 83.5611325503603
157.22747225951525 160.0 160.0 152.19716919249367 149.71189524084912 148.06766731260973 145.3351724036013 141.4349541327897 140.3965803410324 140.0 140.0 139.30167433670272 137.2817085174554 132.5594455917394 130.12611345333198 125.0 125.10012372353253 120.4388352530234 120.0 120.06905176163559 120.0 120.04214388408218 119.65760177135076 120.0135488694873 116.04376377240419 113.70234744566233 110.1865751779576 104.53266745283327 105.32540266704586 102.54925148039842 100.0 100.0 100.16194127601193 100.0 100.0 100.0 100.01045069930137 100.03227914165268 100.00721081868528 100.0095772872196 100.0099866606995 100.00949781182089 98.8039089081185 98.43781753077997 98.20749944814656 100.0090718987833 100.0088284381668 94.55743140127379 93.37138067642445 91.1153914686522 89.224114456096 85.77592086842355 84.66837796367304 84.33297089996518 82.61993834757209
153.91142553965165 152.30724040862378 160.0 151.52299842676007 147.4988305493914 147.33878168872775 141.81818181818176 140.0 140.0 140.0 140.0 139.8923352210436 134.57039470715017 135.5340745674207 129.31172556930187 123.90905999147662 120.0 121.84016464938031 121.08352138846453 120.0 120.0 120.08250256495285 118.59725757632145 118.83364901279879 116.26255759493756 111.68980218552974 108.1724900890672 106.70387565485657 100.0 102.78539547135551 100.0 100.0 100.0 100.0 100.08955637558552 100.02542434287648 100.0 100.00173783284981 100.00886013980153 100.01148087464526 100.00535401479897 99.80855259564737 97.9072686894574 97.57552274846512 99.99927836106554 94.21493917739053 93.70120146818499 89.96250268974495 89.5791744775413 87.75603579819949 81.27364043725015 85.34906378078017 83.52294965008105 80.397461055853 81.71300918371503
152.06621069923403 150.72586314336058 152.95745376990385 148.95464407680493 146.48210497017294 145.53499763716354 142.46545397180353 140.0 140.0 139.90146706701603 138.0813354264078 138.22587968302923 132.9793990233875 131.26409941630527 126.57902984008706 124.8946608159506 122.46449155036976 120.0 120.34883720930225 120.0 119.7049785161712 120.03671970624237 120.01700995209058 116.12840089797623 111.24664135247144 109.47224944954951 106.50567936239713 104.44165034701336 100.0 100.0 100.0 100.0 100.0 100.0 100.0 100.0 100.00135164777203 100.00878453289533 100.00529203749966 100.00599568375355 99.51968516741408 98.9051037556876 98.07023594180669 98.66458017972354 94.93610875402032 92.51833696088033 91.29974829621483 89.10126057402886 86.79372414904469 85.33446374599066 83.78018334412263 80.00377720658048 80.14861539827348 80.00012991502604 80.0755952455836
