msi.gama.models/models/Toy Models/Articles/CyberGeo 2013/includes/mnt.asc
ncols         100
nrows         150
xllcorner     893404.0
yllcorner     2016744.0
cellsize      9
NODATA_value  -9999
[rows 48 to 71 of 150, columns 0 to 54 of 100]
150.99812670521715 148.5329249566721 148.33131625802662 148.1048346962914 145.76934777195447 144.3253101678988 140.32150166148813 140.0 140.13661779112863 140.16913319238893 139.75793957758333 134.80239434078612 132.13283542169802 128.69841928702863 126.26643982893734 124.6035759464678 121.93690041037325 120.47040169133174 120.0 120.0 120.0662757767036 118.73604225239455 116.4346466598256 115.99051598779192 112.48518404682432 108.43966040333498 105.84498381148637 102.46423224272053 100.0 100.0 100.0 100.0 100.0 100.0 100.0 100.0046160893653 100.00094871414694 100.00830126920255 100.00527127455439 100.00694774545263 99.4609749213032 97.62020168342906 97.42605508002589 96.50331148401551 93.55784698765888 89.9693941044602 90.14130836268646 87.1274539124563 84.54820687097344 82.5806913621941 80.04743578109287 81.11860325386715 80.02771958850099 80.039794455221 80.00000041044404
148.00289302209467 146.34461873971918 145.71021922643854 143.96711883495118 141.9421487603306 142.96741083984102 140.0 140.0 138.34963690971927 138.99717363268974 137.54681639294768 134.77667994091166 130.5246006376542 127.42099066556625 124.7412187848704 122.62921153124012 122.080864213435 120.47497036892833 120.0 120.0 119.42117199528911 117.76353130466146 113.06796365254968 112.42579367503436 108.47225595405394 101.86204743740382 104.16270190529235 101.678115326122 100.0 100.0 100.0 100.00312859100927 100.00354894569455 100.0 100.00499108678332 100.00584584349372 100.0067191507951 99.98214099667007 100.00409310622672 100.00490161469656 99.35326788806765 99.94383042913864 96.76918286400974 94.64819015400099 92.29737141122382 90.08299072368504 87.30392494125408 85.06565716431032 80.00003006120232 81.99754721126419 80.00001969550658 80.00223151760406 80.02228829671458 80.00245498282129 80.0
143.96065131913247 144.00966402487802 141.77238411734493 143.23565993125635 141.4949574108516 140.0 140.0 140.0 140.0 137.50162697294763 133.94970785046576 131.9096095033392 129.41037933524467 124.75135196103383 120.13903364605403 120.06489311721862 121.06476189377713 120.0 120.0 120.05955298392996 115.98178195931723 114.27553291797972 111.84237205082059 110.44701639731466 106.47754645155874 104.95681356499381 100.0 100.0 100.0 100.0 100.0 100.0 100.0 100.0 100.0 100.0 99.94873146929126 100.00236948739598 100.00418793031531 99.06361730227286 100.00527020419145 100.00546792068963 95.20976563682666 92.12065248220961 89.49501615680333 88.17423480516027 85.95035925435059 80.48850525804141 82.42153647360146 80.00000198986822 80.58602304580108 80.24086553404845 80.00246263098802 80.03952572838762 80.00000004292542
143.24247419005587 142.9992589928495 142.43276828859416 141.34787915723086 140.29961630246703 140.0 139.3832959472361 139.34975002347915 138.97167738610074 140.0 133.75412355591902 130.08635718474352 126.81782626630684 123.76914754703921 120.92849471625323 120.53528075032841 120.0 120.0 119.96401759618152 119.37205926913362 117.6843466275784 112.71003440519235 109.2075531428718 107.14575703297373 103.0259674902793 101.62515411744062 100.05172353992793 100.90174905024855 100.0 100.0 100.00016791384769 100.0 100.0004377935602 100.0 100.0 100.0 100.0019323132758 99.86290243324038 99.60228030500798 97.76752182140967 99.78027005625472 100.00495484086309 92.5392330166585 90.21117306022552 87.76890258393269 86.67607655828851 85.0024638013897 82.36342672323235 80.94735404378207 81.3655939048665 80.00000128737315 80.00000111230042 80.00000551448807 80.0000008799484 80.00000000918112
141.69758504496804 140.2157943067034 140.1574715211077 140.45909700625202 140.0 140.0 140.0 136.40968367157961 136.82105428233763 132.61551271619396 130.6386151998263 127.8956069590156 124.83836856870403 122.35269804131644 121.31103016293218 120.0 120.0 120.06128632314744 120.00538543739526 117.85813824870274 114.24535517079357 112.0919454681275 107.83748862737502 105.34437332116363 100.0 100.0 100.45587562778883 100.0 100.0 100.0 100.00007267093793 100.00053784085662 100.0 100.0 100.00066424772649 99.94121690740462 99.1201846168708 100.00141185346615 100.00353985244988 99.27798430188022 94.79962799992381 91.45720715012953 89.8826227972113 87.96288012602236 86.09050307397456 82.86854288184941 80.93525731031787 80.00010725305515 80.0304579477322 80.00000100080365 80.33634235584464 80.08184334088446 80.00000008235588 80.0 80.0
140.42540263314754 140.0 140.0 140.0 140.0 139.74502245119766 138.67608132559235 135.35511544570704 132.23561992546684 130.89845472184174 127.56258993551455 125.62544077748794 121.13697306545032 120.60493092524985 120.04485314973044 120.0 120.0 120.0 118.78056335647989 114.7477477282905 112.04160738541759 109.81667759898005 103.53992111481125 100.0 100.0 100.20449792970021 100.0 100.0 100.0 100.00265248922733 100.00008344790194 100.00008523364272 100.00020539123102 99.75185827148721 100.0 99.3378377121312 96.51082657589996 97.92660426140856 95.47491507738323 95.31211514546976 92.22183698872959 88.9071399911461 87.58371522478637 85.18555274544997 83.74658137055008 80.46671921636312 80.8603468749825 80.44288406813371 80.00001187225962 80.0 80.01957851484599 80.0 80.0 80.00000000583668 80.0
140.13343583227265 140.0 140.0 140.0 138.22826721410934 137.3933496476884 135.40572526339292 133.6334366145793 130.756652828474 129.28242891831428 125.14205611036664 125.25391931160334 123.19599874989717 120.0 120.0 120.0 120.00795579148576 120.00613750642628 119.91650927087107 115.17864912298796 111.68911204980714 108.53931353552571 105.67909101055147 102.30764364077095 100.35296340305376 100.33679143522 100.0 100.0 100.0 100.05014888887854 100.04733215485362 100.00014551347158 100.00395641453702 100.00479614438245 98.49213055477912 96.90724230740284 94.75727286958022 94.06614097684815 92.57656577895295 90.82155655109727 89.47475622055686 87.12247934854099 83.82467664634305 82.29598853821858 82.33185595690861 80.00011455094977 80.0 80.3242987295755 80.00000321337848 80.00012370163608 80.04154275678957 80.00000021422511 80.0 80.0 80.0
139.9884111419717 140.0 140.0 139.8419289828596 139.7855299666262 137.0907629488413 133.96955226070395 131.80846537902835 128.9362046682404 124.60118088392892 120.0 121.78160908005384 121.03055763891575 120.80184855723292 120.0 120.0 120.0 118.27579708877829 113.46934008771063 113.29203137910486 109.75090051727193 105.33977751587418 104.60577163689322 102.14879009934543 100.30762207229782 100.24368491757491 100.0 100.07308766589972 100.0 100.02336151434224 100.00879980452373 100.00319110778628 99.73411604673151 100.00453455434786 100.001347844061 95.01548080343605 94.55765364087733 92.93100311127796 90.62506823430522 88.44450176256237 87.65619128528351 84.05272666737937 82.82652697094295 81.92599376391922 80.0007613041987 81.3047370942461 80.0 80.0 80.16327845056094 80.0773704507626 80.01360613371867 80.00160998329852 80.0 80.0 80.0
140.0 140.0 138.79455071816506 140.0 137.29734054085384 134.5766280298683 131.42200938774295 130.05846761813405 124.42532074581868 125.73223758970016 120.0 120.0 120.0 120.0 120.0 120.07978758354056 118.79631339635102 116.37089214908656 114.10458647341602 111.30633434790866 108.14942634272256 102.96343510925794 100.54252961964426 102.37812138389063 100.43086844671211 100.0 100.0 100.0 100.0 99.84554421905727 100.01280624883134 100.00499809627286 98.79889852139081 96.36083091869614 100.00213305421153 92.46595967115877 91.14816393834599 88.74837795891153 85.11825504255762 85.94732941476468 82.90747802305191 81.82863413181553 81.35873706307893 80.05073230354947 80.0 80.0 80.00259432389794 80.0 80.0 80.04035364727929 80.00001326008123 80.00000336670041 80.00000000649152 80.0 80.0
139.25361418712941 138.83307098933847 140.0 140.0 135.07225205687587 132.74486749962512 128.92060168924127 123.52855999534631 120.44643098541292 120.0 120.0 120.0 120.0 120.0 118.27277089355334 117.87112305288588 114.80948089250614 112.68561900329178 109.61533889933185 108.52996662316878 106.492560996355 103.42654062459496 100.01247401247383 100.0 100.0 100.0 100.0 100.06603800962876 100.0 100.0100950643623 100.01592831452103 99.81485106890068 99.02933427063431 96.4700829306064 92.33160941547453 89.67979928009686 86.08902842507769 84.25858450137775 80.46176479437736 80.6703107742876 81.3765363843047 80.07294516668935 80.00015527461665 80.0374523837329 80.0006660923068 80.0 80.0 80.00002892040607 80.00006622437377 80.00008397257056 80.00001186378086 80.00000011176985 80.0 80.0 80.0
136.32030699578172 139.96613631051991 133.39843022130344 139.2506001950212 130.5491101960679 129.05757507965632 126.53575145244758 125.53969340764002 120.1982430711214 120.39355844948545 120.0 120.0 120.0 120.0 118.43953290517948 117.02899784337728 113.02517680385768 111.76083845746211 107.70836353077902 104.69095303255426 104.22591816054842 100.7004494290943 100.27393221625857 100.0 100.0 100.0 100.0200517403623 99.97033284568215 99.92866566059934 99.40756481922426 99.76861920434749 99.67857336587394 97.67028658030608 94.0478055612848 91.39837352287941 87.31607563974103 86.18685330050312 83.324859862631 80.01952026914796 82.71033196754524 80.25243536287712 80.00809347981249 80.0 80.0 80.0 80.0 80.00327285096455 80.0 80.00006546331679 80.00007847946881 80.0 80.0 80.0 80.0 80.0
133.24288137812937 139.99601603653173 131.0188436798744 131.3231289645953 129.54099668007734 127.10702449530868 124.62564350568846 120.49753478499792 120.0 120.13719374895754 120.0 120.0 119.36655446909617 120.0 118.4581832093611 116.75992298344818 112.2973898461089 110.12011190353132 106.81821805661298 100.0 100.75897776496845 101.91987002984911 100.27680655044105 100.0 100.0 100.0 100.0 100.02027100307578 99.77454611402459 100.00678885381808 98.89616473971046 97.66002921477161 97.52733852314304 92.3585033636773 89.61358813086667 81.83674004382556 82.73647691528458 82.24984975866187 80.1583396055737 80.00176551735876 80.79494677149319 80.00007541791274 80.0 80.0 80.0 80.0 80.00311390696561 80.0 80.0 80.00008285817285 80.0 80.0 80.0 80.0 80.0
131.51286185658546 129.92196371699538 128.8461086863615 128.95812795311645 125.74532655340022 124.05647843310089 123.51882376339495 120.19683214851625 120.0 120.0 120.0 119.86968577833613 119.54446741673678 118.10809624882017 120.0 112.96414709854116 110.2911412937126 102.66666666666674 104.2382351002127 100.21621621621625 100.0 100.55068601573748 100.0 100.0 100.0 100.0 100.0 100.00000059397325 99.84697708235126 100.0 97.9339513636105 94.41439483143563 93.46350816422 90.55285114215508 87.2491305339895 85.58436460628468 80.0088262593024 80.00051048476394 80.0 80.00098723645237 80.0 80.0 80.00486343149191 80.0 80.0 80.00000653787856 80.0 80.0 80.0 80.0 80.0 80.0 80.0 80.0 80.0
125.29058789979308 126.26711627760642 123.89906340092557 123.7583815155499 123.54963721290028 122.93156773234955 122.78045090824503 120.0355955601367 120.0 120.0 120.0 120.0 120.0 115.40091490603822 117.69447851879363 114.66666666666674 108.5803496608878 106.9384204068183 100.0 100.0 101.87503440072737 100.00554400554392 100.0 100.0 100.0 100.0 100.0 100.0 100.0 100.0 98.13113518831824 95.4915683808772 93.62426893056363 89.54989440864483 87.21022903487915 82.53598066889481 80.18277784842712 80.00070100786343 80.02293622713887 80.0 80.0 80.0 80.0 80.0 80.0 80.0001678277647 80.00000013480167 80.0 80.00000021849723 80.00000000402042 80.00000000420187 80.0 80.0 80.0 80.0
125.33268382953793 122.85657371950447 123.43550166135083 122.10766530894307 122.81726963644724 119.97871854976006 119.98789793298079 120.0 120.0 120.0 120.0 119.38883141629458 120.0 115.16501721365739 112.57257312437127 110.4538604636532 104.90881371862156 104.45524321578455 101.27814935180754 100.0 100.0 100.0 100.0 100.0 100.0 100.0 100.0 100.0 100.0 97.92888759550465 96.1806222081625 92.56417756888845 90.81838733148038 85.35826652504647 84.92696604024536 82.06400253705192 80.01001917217422 80.01231620240105 80.0 80.0 80.0 80.0 80.0 80.0 80.0 80.0 80.0 80.0 80.00000018782112 80.0 80.0 80.00000000580098 80.0 80.0 80.0
121.5462532119152 119.97443091811488 120.0 120.0 120.01256321125516 120.0 120.0 120.0 120.0 120.0 120.0 118.8385678214238 114.96343892262666 111.58342577556846 109.75275388452019 107.77870809290744 104.61517575481025 103.5689802927418 100.96907743981274 100.0 100.0 100.0 100.0 99.99067927747865 100.0 100.00001583928474 100.0 99.7192896540937 99.1139806259539 98.37026599543833 95.13178390279154 91.91709110530951 90.23809625608669 84.93471657826171 83.61760457125433 80.64372247730148 80.0 80.0 80.0 80.0 80.0 80.0 80.0 80.0 80.0 80.0 80.0 80.00000292669301 80.0 80.0 80.0 80.0 80.0 80.0 80.0
120.11555120969888 120.84118392071605 119.99760172893411 120.0 120.0 120.0 120.0 120.0 120.0 120.0 117.46694419294431 118.77551020408168 116.13365804805812 110.08345120082663 108.17650810914506 106.5640040773917 103.58708852688801 101.62986792515994 100.0 100.0 100.0 100.0 100.0 99.9964070532883 100.0 99.986934438655 100.0 100.0 99.43497470636771 95.9176552893523 95.36119602191707 91.26127161687941 89.36008017448967 83.24118045480873 82.08679892821328 80.26908702577748 80.01074878723671 80.0 80.0 80.0 80.0 80.0 80.0 80.0 80.0 80.0 80.0 80.0 80.0 80.0 80.0 80.0 80.0 80.0 80.0
120.0 120.0 120.0 120.0 120.0 120.0 120.0 120.0 118.71543814268807 120.0 114.24295345383007 113.70754091204299 112.57430576753995 108.31095752628289 106.21710332618613 102.31425903694821 100.0871927718456 100.0 100.0 100.0 100.0 100.08516973187693 99.98793885711666 99.70342936374209 99.99607776121684 99.59091525950657 100.0 97.26625793346602 97.45423148156192 98.35909753357828 92.49623318581371 88.75564388347789 86.91150929009427 80.77586659670965 81.56039651180959 80.43548783271626 80.0 80.0 80.0 80.0 80.0 80.0 80.0 80.0 80.0 80.0 80.0 80.0 80.0 80.0 80.0 80.0 80.0 80.0 80.0
120.0 120.0 120.0 120.0 119.66760193549271 119.16912611234261 119.09340382135724 120.0 115.91239472539564 114.14234791459171 119.92797118847557 112.78483986697734 109.51785702748475 106.35997551085825 101.65666266506605 102.06956360223012 100.0 100.0 100.08616884101548 100.0 100.0 100.0 100.00034450444718 100.0 100.0 99.66138911090525 100.0 97.29968113154996 100.0 95.46775158910691 91.20481271853578 88.27545809218168 85.08754268499433 80.74581976085028 82.88201281893748 80.0 80.0 80.0 80.0 80.0 80.0 80.0 80.0 80.0 80.0 80.0 80.0 80.0 80.0 80.0 80.0 80.0 80.0 80.0 80.0
120.0 120.0 120.0 119.55320510979845 120.0 118.94736842105272 117.019370666545 114.65196606353925 113.28656338793803 112.29196269530689 111.53312564362113 107.68127063840188 106.79791693659809 103.9197537146822 100.0 102.78508975538102 100.14667883640459 100.39522681241715 100.0 100.0 100.0 100.0 100.00028906694979 98.67940297292671 100.00515147759029 100.0 95.61900985393822 100.0 93.27428725437608 92.10546728241002 89.32325496661929 85.78109289195709 84.40501088299538 80.2569249297469 80.00103991876449 80.00685476711169 80.0 80.0 80.00031713621888 80.00050194106439 80.0 80.00002456301104 80.00001582455707 80.00000287270063 80.0 80.0 80.0 80.0 80.0 80.0 80.0 80.0 80.0 80.0 80.0
119.94895039144058 119.99601275917075 115.4989049163762 118.1907946061267 119.95614035087715 114.85911091284129 112.45029585948078 112.64815515709734 110.20112771268691 109.74793241582847 108.34228512433947 105.97304698825451 105.50842282723715 101.099868816033 102.67137827537704 100.0 100.25735825497077 100.0 100.0 100.0 100.00331418619271 100.00506875535393 98.8268639895125 98.79129701785337 100.0 95.8269142386016 100.0 100.0 94.5790006250104 89.90338943269171 86.35539151695548 84.75368849092115 84.30531014396865 80.72312558322392 80.0 80.0 80.0 80.00008589129493 80.0 80.0 80.0 80.00002789353198 80.0 80.00000452421932 80.0 80.00000131669299 80.0 80.0 80.0 80.0 80.0 80.0 80.0 80.0 80.0
119.99636943014661 119.95678983273365 113.6807986617157 114.0627156951025 111.98966833612076 112.93324776082682 108.74836363983718 109.12870576799605 105.35230360086643 105.60540826152464 104.06033876399147 101.47939292106389 103.27473476547766 102.47753520065658 100.0 100.0 100.0 100.0 100.0 100.0 99.95937521304995 100.00550004685556 98.39846191246124 96.60839386992075 98.54824835046179 100.0 91.92505382759578 90.93434448620633 90.15439020311942 87.39012462271216 85.57753547642665 83.04091128833352 80.0 80.0 80.0 80.0 80.0 80.0 80.00005907011132 80.00004650872006 80.0000522665166 80.00004636286508 80.00002213306084 80.0 80.0 80.00000012862847 80.0 80.0 80.0 80.0 80.0 80.0 80.0 80.0 80.0
115.40848938002068 113.73188155803382 111.42874172944198 111.60519906456284 109.07139596670595 106.83603365482509 104.87753062414117 106.14006866564773 100.0 100.0 100.31484138828614 102.50668493175294 100.97569901093811 100.0 100.0 100.0 100.0 100.0 100.0 98.63110082809953 100.0 98.17921409390192 96.07104028473236 94.75735691923637 95.80943361081813 91.4691722086518 88.52801952058303 88.31618604267078 86.39951536609783 84.7019205715751 83.40425531914889 80.01741863930488 80.8365729332827 80.0 80.0 80.0 80.0 80.00031980572794 80.00031578602989 79.99731949054194 80.00006397199627 79.99927328338185 79.99930049260956 80.0000042563961 79.99989048800421 80.0 80.0 79.99986883941529 80.00000006637902 80.0 80.0 79.9999998054625 80.0 80.0 79.99999998853377
110.02658445703582 109.29855150261164 108.15092785003844 108.35091890458398 104.47522805527706 101.94175060806288 101.78582153292768 103.36875903213627 100.76447040065545 100.0 100.0 100.0 100.08755575300984 100.0 100.0 100.0 100.0 100.0 99.92309156199144 98.53811270796291 100.0 100.0 97.61077472077022 93.13232580724707 90.95507714329256 88.79837855962228 86.65548850714322 86.12080443303284 83.98788267518421 82.76203405495562 82.71123416950445 80.0 80.0 80.0 80.00084968972214 80.0 80.00002656768788 80.00004204643074 79.99890945367406 79.99995332689764 80.00002759535846 79.99992491893113 79.99154687208011 80.00000456469843 80.00000397591566 80.00000000821046 80.0 80.00000025887016 79.99991341073701 80.0 79.99986232403603 80.0 80.0 80.0 80.0
