msi.gama.models/models/Toy Models/Articles/CyberGeo 2013/includes/mnt.asc
ncols         100
nrows         150
xllcorner     893404.0
yllcorner     2016744.0
cellsize      9
NODATA_value  -9999
[rows 72 to 95 of 150, columns 0 to 54 of 100]
106.05524317789195 104.2928213568714 104.38297103402874 105.35685974198509 102.0597306766947 100.8521569459349 100.0 100.0 100.6576822431839 100.0 100.2706774384028 100.0 100.0 100.0 100.04054654549532 99.93516946130353 100.0 99.92839821986786 100.00041158056183 100.00007198019853 96.18706925425249 93.68184072910049 100.0 90.61524784951621 88.03744279643615 86.67243087335373 81.49767583409857 83.66197216627893 82.22069189219928 80.0 80.0 80.0 80.0 80.0 80.0 80.0 80.0 80.00005481869175 79.99995123113763 80.00001750632009 79.99995876295134 79.99269271444086 80.00000832127807 80.00000588302305 79.98857722009734 80.00000062480854 80.0 79.99974252616607 80.0000000307432 80.0 79.99998946744108 80.00000000368595 80.0 80.0 80.0
100.06319680627462 103.71063299640286 102.47071669370871 100.53940044020806 100.08024600654448 100.0 100.0 100.0 100.0 100.0 100.0 100.0 100.0 100.01554772287841 100.0 100.0 100.00086376238232 99.99285944633243 96.32571726865558 95.16800369341081 95.1684219790402 92.05379310745889 89.6654478012872 89.03373114489659 84.42518331094675 85.42165976993306 80.0 80.0 80.46429339053316 80.0 80.0 80.47142587508415 80.30966177669143 80.0 80.0 80.0 80.0 80.0 80.00000519573018 79.97108042216678 80.00000942737529 79.9803172501613 79.93936869134905 79.99652285653383 79.92520419194216 80.0000011677821 80.0 79.99549627136366 80.0 80.0 79.99984536388956 79.9913329376684 79.9931426522412 79.99999954117584 80.0
99.98954896085797 100.0 99.99443709918842 100.1298779296676 100.0 100.23290257778649 100.22017943935566 100.0 100.0 100.0 100.0 100.0 99.83926002642488 100.0 100.0 100.0 100.0 98.8277837491571 98.22197549110479 95.62529583886248 92.58687714601683 90.3179554593853 88.47060825581934 84.94489242118016 85.21621470486139 81.77777710640339 80.0 80.0 80.0 80.0 80.0 80.23130993769587 80.0 80.09212091050426 80.00004562646359 80.0 80.0 80.0 80.0000067191213 80.00000548186927 79.99747659744412 80.00000224562791 79.90895081193821 80.00000214436363 79.88978007753076 80.0000024372282 80.00000124152302 80.00000052918313 79.96911996362064 80.0 79.95478788788978 79.9131282316705 79.99999512654381 80.00000000561658 80.0
99.94139332569625 100.0 100.0 100.0 100.0 100.0 100.0 100.0 99.84488862386183 100.0 100.00080798661133 100.00064345522469 99.15763753865758 100.0 99.88192108905741 99.70978274011259 95.84954155016294 95.2907565809603 91.89459772246119 91.14352014125461 89.54777125233704 87.46216286792992 84.46523637764153 83.77017113791885 81.90374905970498 81.09753584610644 80.0 80.0 80.0 80.0 80.0 80.13235341850213 80.01153308750918 79.99981567508826 80.0000037805994 80.00000365457936 79.9443076798666 80.00000803816624 80.0 80.0000062701879 80.00000885532745 80.00000292113009 80.00000340635756 79.99669650823762 79.99490645860374 79.90752288834119 80.00000100749526 79.70393612618182 79.37999779186111 80.00000025773397 80.0 79.99036871440103 79.99999948005575 79.82875196120199 79.999999975955
100.0 100.0 100.0 100.0 100.0 100.0 100.0 100.00465194240837 100.0 100.0 98.95037742776208 98.46984558065856 95.12252909959852 100.0 94.26726164306365 92.49360009052384 91.962240883307 90.01773284757724 87.52412166313093 87.74488216785267 86.20857094514508 80.0 80.14138710783072 80.05404215456178 80.05234645999417 80.0707434030744 80.0 80.0 80.0 80.0 80.00443812876415 79.94999641240884 80.05307912342005 80.05500632661938 79.80172478774034 80.01795447923155 80.00000343840952 80.0 80.0 80.0000024185515 79.7634737670719 79.92993302771379 79.59480897537878 79.60247204729058 79.51800693120867 79.2593031408112 78.74840584842445 80.00000052787618 78.43802932416997 80.00000022042241 80.00000009922178 79.79651235609276 79.80696205745244 79.99999970011731 79.5555170419832
100.0 99.80237010631458 99.86621557424291 99.87378827758744 100.0 98.21110048507967 98.14367696364275 100.0 97.36921104189946 100.0 99.5178775090335 96.20394241564736 96.84532644929232 92.19891532032011 91.25507953732244 90.53211491362526 89.14436143281773 87.3126421496595 85.83154679130939 85.6063615832345 81.01445835466006 81.26599739454673 80.0 80.06727946730643 80.0 80.0 80.0 80.06657784795289 79.99999244703872 80.01285650016598 79.9999994964694 80.01799544456958 79.46638016963834 79.23264777691406 79.23180470364196 79.98989588387644 80.00000558098691 80.00000655682447 80.00000332030481 80.0 80.00000259609715 78.84514978576158 78.84922066100603 77.6282683239956 78.7214578781909 77.9671512406303 76.47983991650153 76.5195876868122 80.00000076763536 80.00000053331541 79.64976993231903 78.17571060899786 79.70653039460717 79.71508800864126 79.99999955574413
99.62778733181881 99.76838613900372 98.68177437935219 100.0 100.0 98.65592899030958 95.32264535113632 94.19229064652927 100.0 95.10321245270075 96.3481309341555 95.0900177873084 91.47125627509513 89.21969241447346 87.57468781051739 85.5495354032962 84.38554346973274 84.9138575581801 82.64508453339317 80.41058489868351 81.83172682510781 80.0 80.0 80.0 80.0 80.0 80.0 80.00217218565263 80.05578596225973 80.00367980149804 79.95707818223377 80.0065635841463 80.01025610680745 79.77712625376603 79.51761518823673 79.28864893347964 79.5416861151541 78.93730188633708 80.00000370349585 80.00000356688133 80.00000374681849 80.00000314351178 77.8032057979201 76.41402163100429 77.53710578711889 76.06853633719038 75.38299187729967 75.22746674625 79.98844072567658 75.71685679574398 80.00000032929529 76.93375930534171 76.55135572783297 78.40061163022438 77.6573745643434
93.43148598205266 94.0790274772105 94.30215624766265 96.58678418397699 93.51274909574613 92.90697945389957 93.60493054128665 94.95297163397686 92.14115957359923 90.57055620866618 90.88920820554881 89.99662407844357 88.42157731574912 87.18504063053933 82.5 84.00861512568599 82.06350900556458 80.34374718799563 80.29511172055686 80.11185785896328 79.9972082402353 80.0 80.0 80.0 80.0 80.00574226309459 79.99985649373798 80.0057289575343 80.00650303392149 80.00426483822775 79.93889667906888 78.55033554469287 79.28492994206113 78.9270503276773 79.01181670673759 78.61356685065812 77.07118866704332 80.00000261194623 77.59310801715606 76.81986399837001 80.00000123209497 78.69201595379627 75.69710831664202 75.34667003607592 74.58400694147645 74.05100623966655 73.29154756037019 73.13123125970196 75.36885503520148 74.37052072386587 73.83063130832716 74.84826720398473 74.74694075280513 74.66489761091316 75.49991324309053
90.62845382581145 91.15684897830897 90.48084477294651 90.48984305660974 90.1673183540779 90.48790205730961 89.29329825596028 89.90980714631382 87.49462188829966 88.50113804124749 88.03136448479768 87.67522969794777 86.60609724170286 83.89687847285359 83.88611047164386 80.0 80.0 80.0 79.99559711909046 79.99591368565257 80.0 80.0 80.0 80.0 79.99833603896104 80.0 80.0 79.94970705109858 79.89798097536004 79.9633714795466 77.82159124609097 78.88793877470357 79.93086149545206 78.32440669414359 76.42512014303657 75.93617366151443 75.38635579798188 77.42877447680326 77.28926721484254 77.77864374480419 80.00000316337514 80.00000240815189 73.46204605609546 73.35737194185594 71.24969374654847 71.37652216497054 71.21717634469496 71.36247075271649 70.41925522613542 71.07686124866882 71.8012276831223 71.96471814342385 72.16363760503214 72.25790550018746 74.67299932546143
87.07784800999343 86.33428796298676 87.66785645177447 86.60606895534693 87.21531067561114 87.10239474434616 85.59217591141737 83.7209302325582 85.49142204626264 85.96587756760664 83.83881432409703 84.85367912993365 80.4292744095967 83.00722823759838 81.6038951561593 80.22487530462308 80.0 80.0 79.98642587387144 80.0 80.0 80.0 79.98844685873496 79.98593150716351 79.9983633170109 79.71363530924327 79.9885511689929 79.99955034704544 79.99726498260725 79.34353579256162 76.89857926994205 75.46091701466958 75.52786905669382 73.61884420953311 74.96726169558679 72.47375813850863 72.10051314013936 71.67187767788073 73.41122826191895 73.5333354050174 72.94861736873986 71.10249551932998 70.1254805224296 71.37541706622437 68.5062626573108 68.4268998568366 67.24107307962299 66.56896903400616 67.36605443342933 65.83787529471647 66.46736447933745 68.241363688609 69.50764475063238 68.8630747207626 69.49713526184837
84.91168432561949 81.34206573658344 81.04821936779081 80.019383847683 82.6288768055474 84.73295217166219 80.0 83.01913350101813 80.0 81.15960640444086 80.0 80.21662676335609 80.0 80.35274687489891 80.32885373427871 80.32079662768479 80.0 80.0 80.0 80.0 80.0 79.96672077922085 79.98606997174511 79.97648297938167 79.7818554374353 79.98228577502528 79.98467227061496 79.94135553242768 79.184111730518 79.92690536989608 76.2368874436304 73.52825775416409 73.34873945910795 71.28317741852857 70.27797877879311 69.14605988452354 67.43797633047802 68.92406050325212 67.97802556665374 66.7334752078059 68.71983834536763 67.82733647038799 67.33535991685244 66.89588023383067 64.48161015307028 66.14342803316117 63.06990323908167 61.424649662794764 61.69981378237708 64.7424319723134 62.75560564382954 62.798330083558085 63.966553617864975 66.22746983026263 66.47374456131615
80.00184608073187 80.14719396520672 80.0 80.0 80.0 80.0 80.11143577632788 81.35313237494074 80.0 80.12843121382252 80.0 80.00057773858975 79.96375300352747 80.0 80.0 80.0 80.0 79.86703476725074 80.0 79.96623019788944 79.97687583556149 80.0 79.88159479856199 80.0 79.95297716431924 79.37074906436806 79.37423281052656 79.06531713254321 79.07536947365202 76.32996364805103 74.41076771962071 71.06083490526157 70.31148218154226 65.16891204160538 66.65709239468129 66.89688202900197 66.4091093373454 63.43089228868507 65.27827177502832 65.24160381281877 62.9413342530745 63.00000041792623 64.07224319341708 64.78127301119139 63.732402216342734 61.8398190873927 62.277495553140625 60.0 62.79951330718427 62.404881133955996 61.855010096791375 61.495162826230626 62.59058367697776 63.379651326958765 63.649176566593724
80.0 80.17422104445563 80.0 80.0 80.0 80.16306176371972 80.17932193891852 80.47599046272694 80.0 80.0 80.0 80.0 80.0 80.0 80.0 79.7227837458704 79.90520104895108 80.0 79.7332218077604 80.0 79.88403661057896 80.0 80.0 79.90310719951003 79.29395238083521 76.89486911993117 75.23648582763849 75.02058061665548 73.7125895224824 73.39637934629582 70.87611970406692 69.22453779804596 66.77439436136729 63.10442373270985 60.00001472305007 65.58332713460345 63.15250010249383 63.85377908201781 60.000000000108685 63.9188645054644 60.00000000024488 64.22434507902722 62.917284695569606 62.79590608860417 62.32267938498899 61.61082922579476 60.000000000002046 61.23279144067874 62.348757820623405 60.152641035299666 60.65513290231752 61.84448885498409 61.70178689590534 61.70288684694492 63.07149334110318
80.08666056580705 80.0 80.0 80.0 80.0 80.00298811319249 80.0 80.0 80.0 80.0 80.0 80.0 80.0 80.0 79.39157997767279 78.91239053323557 79.49134659639094 80.0 79.47585227272725 80.0 80.0 79.76094781887014 79.41247148667276 79.88040228552927 75.72207613628211 74.7199126092728 72.69537366048007 72.02388533706471 70.45488162324114 69.38243141379394 68.51359885714055 66.44724154356686 66.57765164792568 61.64161647245214 61.697198895148176 60.00024155653273 60.1908068532739 60.0000000013697 60.0 61.33209389690251 60.00000000015325 60.29190230816607 60.282920698669386 60.0 60.61536778595473 60.0 60.0 60.0 60.0 60.30948433595199 60.25147574435323 60.16405943546579 60.07736621136405 60.01645106989099 60.335359474355755
80.0 80.0 80.0 80.0 80.0 80.0 80.0 80.0 79.88879736822582 80.0 79.84971802159589 79.77804234273344 79.77457832709115 79.99270777299625 79.29406329310837 79.26560588183702 79.07714503792386 80.0 79.28454931265333 79.09635924055328 79.2359067939858 79.77626853591323 77.92041119878809 75.53301493724575 74.07447698054307 72.21534705370868 70.83503743126744 69.01963586272836 68.79199879120938 65.52281885631783 64.73172160883678 63.69254591531467 63.9577653949018 60.02347255279847 62.00300025142087 60.00013395489623 60.30781061776156 60.00000628028897 60.0 60.00000000030036 60.0 60.0 60.316222640305114 60.0 60.528582694162424 60.0 60.0 60.0 60.0 60.0 60.089154065487946 60.07251580967272 60.02410121609978 60.00361959655697 60.88939483908257
80.0 80.0 80.0 80.0 79.95394269593612 80.0 80.0 80.0 80.0 80.0 79.84918184675166 79.69211558414418 79.66273150812799 77.47354606449517 77.64437273185467 77.78770530096699 80.0 76.95942118931771 78.2954545454545 76.73866923345463 75.19081601508469 75.62964547203342 78.68413119604293 72.90351736107209 72.62395252885449 69.10221666039729 67.08001075341349 63.78168759130767 60.45731306326388 60.446288939697524 62.35801609469627 62.74125537250575 60.366274304081344 60.18346327787049 60.00000047485787 60.005259052607244 60.0 60.0 60.000000000725095 60.00000000048749 60.0 60.39671398688529 60.0 60.0000000000141 60.0 60.0 60.078568028376594 60.0 60.08341836689351 60.01259907031044 60.07505893821417 60.288701516618175 60.0 60.00951606589888 60.35098604341351
80.0 80.0 80.0 80.0 78.97454958063531 80.0 80.0 80.0 78.65971509389533 78.99152223026567 76.99975785819288 76.55481392454703 76.49738600537398 76.16114439011062 73.61893052231267 74.60101834181046 74.76730624729385 72.75 73.07577241361082 74.47970504132513 72.45309319531066 72.45537675786704 72.02735140085315 73.31344305837456 67.86003242160632 66.14958684224757 62.88567761841318 60.62352540908523 60.100065247923794 60.074335046409715 60.05545648583302 60.618571105519095 60.357368318337876 60.00361673585439 60.00000000673526 60.00000000606133 60.05489055537123 60.0 60.0 60.0 60.0 60.0 60.0 60.0 60.0 60.0 60.029032687462404 60.0 60.0 60.0 60.0 60.0 60.00123595979994 60.03851495810818 60.00282243476886
79.43980397757127 79.2129258506618 79.18924558748313 77.04222346721667 79.72422888700635 79.64081979533489 80.0 80.0 77.9271628134768 74.78997325827072 74.15319429774763 73.24322416726523 71.89533758828634 71.57888104205949 71.0445840876846 71.07221667773979 71.9202970128606 70.81106734945206 73.48490066815293 72.5493042355929 69.56224495643573 69.83315154695379 68.1759430966656 65.84579209616572 64.04650399887146 64.1952992421891 63.38209056147207 61.06301079702871 60.00064581561173 60.288325608480136 60.042470818161746 60.03712879918544 60.00000000736918 60.00000000533987 60.00000000378395 60.00008144075127 60.00000000338878 60.0 60.0 60.0 60.0 60.0 60.0 60.0 60.0 60.028086463803675 60.0 60.0 60.0 60.0 60.0 60.01161303687741 60.00910690077512 60.010268621137584 60.005216592284796
74.37059672314126 75.63454013244905 74.58512755665902 74.56912715242834 80.0 80.0 78.57637857637837 80.0 72.9024854138604 73.09765024501212 72.2048282254666 70.88588362994369 69.25564740325171 68.87912207955787 67.0155635213523 68.12882126778754 67.76931818181833 67.74392371643262 67.5 67.82905844155857 67.377726344552 65.8758478442769 65.52569556407798 64.41166759323983 61.966115816363754 63.52306384516555 60.006878173118594 61.24485318775942 60.000546459363704 60.0 60.25245689533699 60.0 60.0 60.0 60.0 60.0 60.000000000356295 60.0 60.000000005582706 60.0 60.0 60.0 60.0 60.0 60.0 60.0 60.0 60.0 60.0 60.00801687437206 60.0 60.0 60.00332090221514 60.000038248208966 60.000467611414024
70.84725486743673 72.051791124293 72.75683148774579 75.09828480374858 76.75675675675666 74.59312758174201 71.57498550963828 72.5016264414387 69.90938042567313 69.1527127725376 66.89599141305507 62.77433870457867 65.88428514553766 64.25436409053691 64.93006049501696 61.55769230769238 65.79783569921983 60.0 60.0 64.42841357702923 63.24764400031813 64.3778423940239 63.74271570384167 63.86936652275381 60.06367520872004 60.0 60.75186480269076 60.00389068378422 60.0 60.0 60.0 60.0 60.0 60.0 60.0 60.00000012281703 60.0 60.0 60.0 60.0 60.0 60.0 60.0 60.0 60.0 60.0 60.0 60.0 60.0 60.0 60.00004213499324 60.0 60.0 60.00012193894054 60.0
68.67128717754008 68.52084845143645 69.38321670228174 68.68020256865589 69.3832941570463 68.83866008632958 68.23971168598814 68.78159490663529 67.34017105148564 66.84243998922625 63.29881475501202 60.0 60.0 61.68520846501383 61.84978019170103 61.67916007529675 60.0 62.604420676378595 63.341124140284364 62.951097022270005 62.03388694064165 62.2944323935028 61.914686373731 60.0653079063793 60.0 60.0 60.0 60.0 60.0 60.0 60.0 60.0 60.0 60.0 60.0 60.0 60.0 60.0 60.0 60.0 60.0 60.0 60.0 60.0 60.0 60.0 60.0 60.0 60.0 60.0 60.0 60.0 60.0 60.0 60.0
63.071273805940336 64.85109813925783 65.3477597515755 63.6550836550839 66.36471370070967 65.82841454904633 65.39597264380382 66.43197280183335 64.65426065246334 64.71020059524221 60.98286154605785 60.0 60.0 60.61638533879909 60.0 60.66805914706879 61.255066405771686 60.0 61.533440256019276 61.124305195934085 61.65098562842263 60.849002782931166 60.35440509783393 60.0 60.31021870606173 60.01988589289681 60.0 60.0 60.0 60.0 60.00016076741326 60.0 60.0 60.0 60.0 60.0 60.00000000274417 60.0 60.0 60.0 60.0 60.0 60.0 60.0 60.0 60.0 60.0 60.0 60.0 60.0 60.0 60.00000085121201 60.0 60.0 60.0
62.03459885910297 60.0 60.0 61.72283208145586 62.866779101461816 62.32050223465012 62.443540837252385 61.86769246764334 61.13415868963034 60.83760163401553 60.127744829836956 60.0 60.0 60.0 60.0 60.0 60.37250117300664 60.0 60.31349022116751 60.0 60.74804776376709 60.757348476077595 60.0 60.0 60.0 60.0 60.0 60.0 60.0 60.0 60.0 60.0 60.00000315230204 60.0 60.0 60.0 60.00000000428645 60.0 60.00000003137529 60.0 60.0 60.0 60.0 60.0 60.0 60.0 60.0 60.0 60.0 60.0 60.0 60.0 60.0 60.0 60.00000007173594
60.0 60.0 60.1433366139247 60.67950358172334 60.0 60.0 60.0 60.0 60.0 60.0 60.0 60.0 60.0 60.0 60.0 60.0 60.0 60.0 60.0 60.0 60.162834815811266 60.0 60.0 60.0 60.0 60.0 60.00199922162392 60.0 60.00079849760209 60.0 60.0 60.0 60.0 60.0 60.0 60.0 60.0 60.00000000007299 59.99999817011508 59.99999823518715 60.0 60.000000001711214 60.0 60.0 60.0 60.0 60.0 60.0 60.0 60.0 60.0 60.0 60.0 60.0 60.0
