msi.gama.models/models/3D/DEM/includes/asc_grid/vulcano.asc
ncols         100
nrows         100
xllcorner     855931.82803726
yllcorner     6265857.3473187
cellsize      1
NODATA_value  -9999 
[rows 0 to 34 of 100, columns 0 to 78 of 100]
61.0 57.0 59.0 67.0 74.0 78.0 74.0 70.0 68.0 69.0 74.0 78.0 83.0 91.0 99.0 106.0 104.0 97.0 90.0 88.0 94.0 100.0 110.0 114.0 114.0 114.0 114.0 117.0 120.0 124.0 125.0 125.0 127.0 127.0 120.0 111.0 102.0 92.0 84.0 77.0 71.0 65.0 60.0 56.0 60.0 72.0 83.0 91.0 95.0 99.0 102.0 105.0 109.0 113.0 116.0 119.0 120.0 120.0 118.0 112.0 104.0 96.0 86.0 76.0 68.0 66.0 64.0 62.0 63.0 68.0 73.0 76.0 76.0 77.0 79.0 83.0 91.0 101.0 109.0
59.0 54.0 55.0 61.0 67.0 71.0 69.0 65.0 63.0 64.0 70.0 74.0 80.0 87.0 91.0 97.0 97.0 91.0 86.0 85.0 91.0 101.0 109.0 112.0 110.0 111.0 113.0 118.0 122.0 126.0 131.0 131.0 133.0 131.0 121.0 111.0 102.0 94.0 85.0 77.0 68.0 64.0 60.0 57.0 60.0 71.0 81.0 89.0 92.0 96.0 99.0 102.0 108.0 113.0 116.0 118.0 120.0 120.0 118.0 110.0 102.0 94.0 86.0 76.0 66.0 63.0 63.0 63.0 64.0 65.0 66.0 66.0 69.0 74.0 80.0 89.0 96.0 105.0 112.0
55.0 52.0 51.0 56.0 62.0 66.0 65.0 62.0 61.0 63.0 69.0 73.0 77.0 81.0 84.0 91.0 92.0 88.0 87.0 86.0 92.0 99.0 103.0 106.0 107.0 109.0 111.0 117.0 121.0 126.0 130.0 128.0 124.0 119.0 111.0 106.0 102.0 95.0 86.0 76.0 67.0 63.0 61.0 57.0 59.0 68.0 77.0 84.0 88.0 92.0 96.0 101.0 107.0 114.0 119.0 121.0 121.0 120.0 117.0 108.0 101.0 95.0 86.0 77.0 68.0 63.0 64.0 64.0 64.0 64.0 64.0 65.0 69.0 79.0 88.0 99.0 106.0 109.0 112.0
52.0 50.0 50.0 54.0 58.0 61.0 60.0 59.0 61.0 62.0 67.0 71.0 75.0 78.0 82.0 85.0 87.0 88.0 89.0 90.0 94.0 97.0 99.0 101.0 104.0 108.0 112.0 117.0 120.0 123.0 123.0 119.0 112.0 105.0 99.0 99.0 98.0 93.0 84.0 75.0 67.0 62.0 62.0 58.0 58.0 66.0 73.0 80.0 86.0 92.0 99.0 105.0 112.0 120.0 127.0 128.0 124.0 120.0 116.0 108.0 102.0 96.0 87.0 80.0 73.0 68.0 67.0 65.0 64.0 65.0 66.0 66.0 69.0 80.0 90.0 98.0 103.0 105.0 107.0
51.0 50.0 50.0 52.0 55.0 55.0 56.0 57.0 57.0 58.0 61.0 67.0 73.0 76.0 80.0 81.0 84.0 87.0 89.0 92.0 95.0 95.0 94.0 94.0 100.0 107.0 115.0 120.0 120.0 121.0 120.0 113.0 105.0 96.0 89.0 90.0 90.0 87.0 81.0 75.0 68.0 63.0 62.0 60.0 60.0 66.0 75.0 84.0 91.0 97.0 104.0 111.0 119.0 125.0 132.0 132.0 127.0 123.0 120.0 113.0 105.0 99.0 91.0 85.0 79.0 73.0 70.0 68.0 64.0 64.0 65.0 65.0 67.0 75.0 82.0 88.0 93.0 97.0 101.0
48.0 48.0 48.0 49.0 51.0 52.0 52.0 53.0 51.0 52.0 56.0 63.0 70.0 75.0 77.0 77.0 79.0 82.0 86.0 92.0 95.0 93.0 91.0 89.0 95.0 104.0 113.0 120.0 119.0 119.0 120.0 113.0 100.0 88.0 81.0 80.0 82.0 82.0 77.0 72.0 66.0 63.0 63.0 63.0 64.0 70.0 81.0 89.0 96.0 102.0 107.0 113.0 118.0 123.0 129.0 130.0 128.0 127.0 127.0 121.0 110.0 100.0 92.0 86.0 84.0 80.0 77.0 72.0 67.0 64.0 64.0 65.0 65.0 71.0 77.0 83.0 89.0 96.0 102.0
45.0 46.0 45.0 45.0 47.0 48.0 49.0 50.0 50.0 53.0 57.0 63.0 68.0 71.0 72.0 72.0 73.0 77.0 83.0 89.0 93.0 92.0 90.0 90.0 95.0 103.0 111.0 115.0 116.0 117.0 120.0 114.0 101.0 89.0 81.0 79.0 79.0 77.0 71.0 67.0 63.0 62.0 64.0 65.0 67.0 74.0 82.0 88.0 92.0 97.0 102.0 107.0 113.0 118.0 123.0 126.0 126.0 127.0 128.0 122.0 109.0 97.0 88.0 84.0 85.0 85.0 82.0 76.0 69.0 64.0 64.0 67.0 68.0 74.0 82.0 91.0 97.0 103.0 110.0
43.0 43.0 43.0 43.0 45.0 47.0 49.0 50.0 53.0 59.0 63.0 66.0 67.0 69.0 69.0 69.0 69.0 71.0 77.0 81.0 86.0 88.0 88.0 93.0 97.0 103.0 108.0 111.0 113.0 115.0 118.0 114.0 104.0 97.0 90.0 86.0 81.0 72.0 66.0 65.0 65.0 65.0 68.0 71.0 75.0 79.0 82.0 83.0 82.0 87.0 95.0 102.0 109.0 114.0 120.0 123.0 123.0 123.0 122.0 115.0 102.0 92.0 82.0 81.0 85.0 88.0 86.0 79.0 71.0 65.0 66.0 70.0 72.0 80.0 89.0 96.0 103.0 108.0 112.0
44.0 44.0 45.0 45.0 47.0 49.0 50.0 52.0 56.0 62.0 66.0 66.0 66.0 67.0 66.0 66.0 64.0 65.0 69.0 73.0 78.0 82.0 86.0 92.0 97.0 101.0 104.0 108.0 111.0 113.0 116.0 115.0 110.0 105.0 100.0 92.0 81.0 73.0 66.0 67.0 69.0 70.0 74.0 78.0 83.0 86.0 84.0 82.0 81.0 87.0 94.0 101.0 109.0 113.0 118.0 122.0 121.0 118.0 115.0 109.0 98.0 90.0 83.0 84.0 87.0 89.0 89.0 83.0 75.0 68.0 67.0 72.0 76.0 81.0 88.0 94.0 101.0 103.0 104.0
46.0 46.0 47.0 47.0 49.0 50.0 50.0 54.0 58.0 62.0 64.0 63.0 63.0 63.0 63.0 63.0 63.0 65.0 69.0 72.0 75.0 80.0 86.0 90.0 93.0 97.0 101.0 105.0 108.0 112.0 115.0 115.0 111.0 105.0 99.0 91.0 83.0 75.0 69.0 69.0 72.0 74.0 79.0 82.0 88.0 93.0 94.0 92.0 92.0 96.0 101.0 105.0 109.0 112.0 116.0 119.0 120.0 114.0 109.0 104.0 97.0 92.0 89.0 89.0 90.0 92.0 90.0 83.0 76.0 68.0 67.0 71.0 74.0 75.0 80.0 87.0 95.0 99.0 99.0
48.0 48.0 48.0 49.0 51.0 51.0 52.0 54.0 57.0 59.0 62.0 62.0 63.0 62.0 63.0 66.0 68.0 72.0 75.0 78.0 78.0 81.0 85.0 88.0 91.0 97.0 102.0 106.0 111.0 113.0 116.0 116.0 110.0 103.0 97.0 90.0 83.0 75.0 70.0 69.0 72.0 73.0 78.0 85.0 92.0 101.0 104.0 101.0 101.0 102.0 105.0 106.0 107.0 108.0 112.0 116.0 114.0 109.0 104.0 98.0 96.0 95.0 94.0 92.0 92.0 90.0 87.0 80.0 76.0 70.0 68.0 69.0 69.0 71.0 76.0 83.0 90.0 93.0 94.0
51.0 51.0 51.0 51.0 52.0 53.0 54.0 55.0 57.0 61.0 64.0 66.0 67.0 66.0 67.0 71.0 76.0 81.0 83.0 83.0 81.0 81.0 86.0 91.0 96.0 103.0 108.0 112.0 115.0 116.0 116.0 115.0 110.0 105.0 99.0 94.0 87.0 79.0 71.0 69.0 70.0 70.0 75.0 84.0 94.0 102.0 105.0 104.0 105.0 105.0 105.0 104.0 103.0 103.0 106.0 111.0 112.0 110.0 107.0 104.0 102.0 102.0 99.0 94.0 92.0 86.0 81.0 77.0 74.0 71.0 70.0 69.0 70.0 71.0 75.0 81.0 86.0 88.0 88.0
53.0 53.0 53.0 51.0 52.0 54.0 55.0 56.0 59.0 64.0 68.0 71.0 71.0 69.0 68.0 73.0 77.0 83.0 86.0 86.0 84.0 84.0 89.0 97.0 103.0 107.0 111.0 114.0 115.0 115.0 113.0 112.0 109.0 107.0 103.0 101.0 94.0 84.0 74.0 71.0 72.0 75.0 80.0 87.0 94.0 97.0 99.0 101.0 104.0 106.0 106.0 104.0 101.0 103.0 108.0 116.0 122.0 122.0 121.0 120.0 115.0 110.0 104.0 94.0 90.0 85.0 82.0 80.0 76.0 74.0 71.0 70.0 73.0 73.0 74.0 79.0 81.0 83.0 85.0
52.0 51.0 51.0 52.0 52.0 53.0 54.0 56.0 60.0 64.0 69.0 71.0 69.0 67.0 66.0 71.0 76.0 82.0 87.0 87.0 87.0 88.0 93.0 100.0 105.0 108.0 110.0 111.0 112.0 112.0 111.0 109.0 108.0 106.0 104.0 102.0 95.0 86.0 77.0 74.0 78.0 84.0 91.0 95.0 97.0 95.0 95.0 99.0 105.0 110.0 111.0 108.0 105.0 105.0 113.0 123.0 132.0 132.0 128.0 125.0 121.0 112.0 101.0 93.0 88.0 87.0 85.0 83.0 81.0 77.0 73.0 72.0 74.0 74.0 75.0 77.0 79.0 79.0 80.0
50.0 49.0 51.0 51.0 52.0 54.0 55.0 56.0 59.0 61.0 64.0 65.0 65.0 64.0 65.0 69.0 75.0 81.0 87.0 89.0 90.0 92.0 97.0 102.0 105.0 107.0 108.0 108.0 108.0 107.0 106.0 105.0 104.0 100.0 98.0 95.0 90.0 85.0 78.0 77.0 83.0 90.0 98.0 102.0 101.0 96.0 94.0 100.0 109.0 117.0 119.0 113.0 110.0 107.0 115.0 123.0 126.0 123.0 120.0 119.0 117.0 110.0 100.0 91.0 88.0 87.0 85.0 84.0 83.0 78.0 74.0 74.0 74.0 75.0 74.0 74.0 75.0 75.0 78.0
53.0 53.0 54.0 54.0 53.0 55.0 56.0 57.0 59.0 61.0 63.0 65.0 66.0 67.0 66.0 67.0 74.0 81.0 86.0 90.0 94.0 98.0 102.0 104.0 107.0 108.0 107.0 105.0 103.0 100.0 100.0 99.0 97.0 95.0 91.0 87.0 84.0 82.0 79.0 78.0 82.0 92.0 103.0 108.0 104.0 99.0 96.0 100.0 110.0 118.0 120.0 117.0 114.0 113.0 116.0 115.0 109.0 106.0 107.0 110.0 111.0 106.0 96.0 89.0 86.0 84.0 82.0 81.0 80.0 78.0 76.0 76.0 76.0 75.0 75.0 76.0 77.0 79.0 83.0
57.0 60.0 59.0 57.0 56.0 56.0 59.0 62.0 67.0 69.0 74.0 79.0 80.0 76.0 71.0 68.0 75.0 80.0 85.0 90.0 96.0 103.0 109.0 111.0 110.0 110.0 108.0 103.0 99.0 95.0 93.0 93.0 93.0 92.0 88.0 84.0 81.0 79.0 77.0 76.0 83.0 92.0 106.0 112.0 107.0 104.0 102.0 105.0 111.0 115.0 116.0 116.0 118.0 121.0 118.0 111.0 101.0 94.0 97.0 100.0 98.0 93.0 88.0 83.0 81.0 80.0 78.0 77.0 77.0 77.0 77.0 77.0 77.0 77.0 77.0 79.0 82.0 86.0 89.0
62.0 65.0 64.0 61.0 59.0 59.0 65.0 72.0 80.0 83.0 88.0 93.0 92.0 85.0 76.0 70.0 74.0 79.0 83.0 88.0 98.0 109.0 117.0 119.0 116.0 112.0 108.0 103.0 98.0 93.0 91.0 90.0 88.0 85.0 82.0 79.0 79.0 78.0 75.0 75.0 81.0 90.0 100.0 106.0 105.0 107.0 110.0 114.0 114.0 114.0 112.0 114.0 116.0 117.0 112.0 105.0 98.0 95.0 93.0 90.0 86.0 82.0 82.0 80.0 79.0 79.0 78.0 77.0 76.0 76.0 76.0 77.0 77.0 78.0 78.0 80.0 83.0 85.0 88.0
68.0 69.0 66.0 64.0 62.0 62.0 70.0 79.0 87.0 92.0 95.0 97.0 96.0 88.0 80.0 72.0 73.0 77.0 80.0 86.0 98.0 111.0 121.0 122.0 117.0 112.0 107.0 103.0 98.0 93.0 91.0 89.0 86.0 84.0 82.0 80.0 79.0 79.0 79.0 78.0 79.0 87.0 92.0 96.0 102.0 107.0 114.0 119.0 118.0 116.0 116.0 115.0 111.0 106.0 101.0 98.0 96.0 95.0 91.0 86.0 83.0 82.0 81.0 80.0 79.0 79.0 77.0 76.0 76.0 76.0 76.0 77.0 78.0 79.0 79.0 79.0 80.0 80.0 80.0
74.0 72.0 70.0 67.0 65.0 63.0 70.0 79.0 87.0 93.0 96.0 98.0 97.0 91.0 83.0 74.0 73.0 78.0 82.0 89.0 100.0 111.0 122.0 122.0 119.0 113.0 108.0 103.0 98.0 94.0 93.0 91.0 89.0 88.0 87.0 85.0 84.0 84.0 83.0 81.0 81.0 86.0 88.0 91.0 96.0 104.0 111.0 117.0 118.0 119.0 121.0 117.0 109.0 102.0 96.0 94.0 93.0 89.0 86.0 86.0 86.0 87.0 85.0 83.0 81.0 79.0 78.0 78.0 77.0 78.0 78.0 78.0 79.0 79.0 78.0 78.0 78.0 77.0 77.0
80.0 77.0 75.0 70.0 66.0 63.0 68.0 78.0 88.0 92.0 96.0 98.0 98.0 94.0 85.0 76.0 75.0 81.0 87.0 93.0 103.0 112.0 121.0 121.0 115.0 109.0 103.0 99.0 98.0 97.0 97.0 95.0 93.0 92.0 91.0 89.0 89.0 89.0 86.0 84.0 83.0 85.0 86.0 87.0 90.0 98.0 108.0 115.0 118.0 120.0 122.0 119.0 111.0 104.0 98.0 96.0 90.0 84.0 82.0 85.0 87.0 87.0 87.0 84.0 82.0 81.0 80.0 80.0 79.0 79.0 80.0 80.0 81.0 80.0 80.0 80.0 79.0 78.0 77.0
88.0 84.0 80.0 74.0 69.0 66.0 69.0 79.0 89.0 95.0 97.0 98.0 99.0 96.0 88.0 79.0 76.0 83.0 90.0 98.0 105.0 108.0 111.0 108.0 103.0 99.0 96.0 95.0 97.0 99.0 98.0 97.0 96.0 95.0 95.0 94.0 93.0 92.0 91.0 87.0 84.0 84.0 85.0 86.0 87.0 96.0 106.0 115.0 121.0 121.0 120.0 118.0 111.0 105.0 100.0 96.0 91.0 87.0 86.0 88.0 89.0 87.0 85.0 84.0 83.0 83.0 82.0 82.0 82.0 82.0 82.0 82.0 83.0 82.0 82.0 82.0 82.0 80.0 77.0
94.0 88.0 84.0 78.0 74.0 71.0 72.0 82.0 91.0 98.0 99.0 99.0 100.0 97.0 90.0 83.0 77.0 86.0 95.0 105.0 111.0 108.0 102.0 96.0 93.0 93.0 93.0 93.0 96.0 97.0 98.0 98.0 99.0 98.0 98.0 99.0 99.0 99.0 96.0 93.0 91.0 89.0 89.0 88.0 87.0 97.0 108.0 119.0 124.0 122.0 118.0 113.0 108.0 103.0 99.0 96.0 94.0 95.0 96.0 94.0 91.0 87.0 85.0 85.0 85.0 84.0 83.0 83.0 83.0 83.0 84.0 85.0 85.0 85.0 85.0 85.0 83.0 81.0 78.0
94.0 90.0 88.0 83.0 79.0 74.0 75.0 84.0 92.0 99.0 102.0 102.0 102.0 99.0 92.0 86.0 79.0 88.0 98.0 109.0 113.0 107.0 99.0 93.0 92.0 92.0 92.0 93.0 95.0 95.0 98.0 100.0 101.0 101.0 102.0 103.0 105.0 107.0 104.0 101.0 98.0 96.0 95.0 91.0 89.0 98.0 108.0 120.0 127.0 122.0 115.0 107.0 102.0 99.0 97.0 96.0 97.0 99.0 100.0 97.0 92.0 89.0 86.0 86.0 86.0 85.0 84.0 83.0 84.0 84.0 85.0 88.0 90.0 90.0 88.0 88.0 85.0 82.0 79.0
93.0 92.0 92.0 89.0 86.0 82.0 81.0 88.0 96.0 104.0 107.0 105.0 102.0 100.0 93.0 87.0 82.0 85.0 94.0 101.0 102.0 99.0 95.0 94.0 93.0 93.0 93.0 94.0 96.0 99.0 103.0 106.0 106.0 105.0 104.0 107.0 111.0 115.0 114.0 110.0 106.0 100.0 97.0 94.0 91.0 97.0 108.0 121.0 128.0 122.0 112.0 103.0 99.0 99.0 99.0 101.0 101.0 102.0 101.0 98.0 94.0 92.0 89.0 87.0 87.0 85.0 85.0 84.0 84.0 85.0 87.0 90.0 94.0 94.0 91.0 89.0 87.0 84.0 82.0
95.0 96.0 99.0 99.0 96.0 91.0 89.0 94.0 100.0 107.0 110.0 106.0 100.0 95.0 90.0 86.0 83.0 83.0 87.0 90.0 92.0 92.0 93.0 92.0 93.0 93.0 94.0 95.0 99.0 106.0 112.0 114.0 112.0 110.0 109.0 113.0 118.0 123.0 121.0 115.0 108.0 100.0 97.0 95.0 93.0 98.0 109.0 120.0 127.0 122.0 112.0 106.0 103.0 104.0 107.0 110.0 108.0 105.0 101.0 97.0 94.0 93.0 91.0 88.0 87.0 85.0 85.0 85.0 85.0 86.0 89.0 93.0 99.0 99.0 96.0 90.0 85.0 84.0 87.0
98.0 101.0 105.0 107.0 102.0 98.0 95.0 98.0 103.0 108.0 111.0 105.0 98.0 91.0 87.0 86.0 83.0 83.0 85.0 88.0 90.0 90.0 92.0 92.0 93.0 94.0 95.0 97.0 102.0 108.0 114.0 116.0 116.0 118.0 119.0 124.0 129.0 131.0 129.0 121.0 110.0 101.0 99.0 98.0 96.0 98.0 107.0 116.0 122.0 120.0 113.0 109.0 107.0 108.0 111.0 112.0 110.0 105.0 101.0 97.0 94.0 93.0 91.0 90.0 88.0 85.0 84.0 86.0 88.0 90.0 94.0 100.0 107.0 109.0 103.0 94.0 85.0 84.0 91.0
96.0 100.0 105.0 109.0 106.0 103.0 101.0 102.0 106.0 111.0 113.0 105.0 97.0 89.0 86.0 86.0 84.0 85.0 88.0 89.0 90.0 90.0 92.0 92.0 93.0 95.0 97.0 100.0 103.0 107.0 111.0 114.0 118.0 123.0 131.0 135.0 135.0 135.0 132.0 124.0 115.0 107.0 103.0 103.0 102.0 100.0 105.0 112.0 117.0 117.0 114.0 111.0 108.0 108.0 109.0 106.0 105.0 101.0 98.0 96.0 94.0 93.0 93.0 91.0 89.0 87.0 86.0 88.0 92.0 96.0 101.0 109.0 115.0 118.0 109.0 98.0 86.0 86.0 94.0
88.0 95.0 101.0 109.0 109.0 107.0 105.0 103.0 105.0 109.0 110.0 104.0 97.0 91.0 86.0 86.0 86.0 86.0 87.0 88.0 89.0 90.0 92.0 93.0 94.0 97.0 100.0 102.0 104.0 107.0 109.0 111.0 116.0 123.0 130.0 133.0 131.0 129.0 128.0 122.0 117.0 113.0 109.0 107.0 105.0 103.0 107.0 111.0 116.0 117.0 115.0 110.0 107.0 106.0 105.0 103.0 102.0 99.0 98.0 96.0 95.0 95.0 94.0 93.0 90.0 89.0 87.0 89.0 94.0 99.0 106.0 110.0 116.0 119.0 110.0 100.0 89.0 87.0 94.0
83.0 90.0 98.0 106.0 107.0 104.0 103.0 103.0 104.0 105.0 107.0 103.0 97.0 92.0 87.0 87.0 87.0 87.0 87.0 88.0 89.0 91.0 93.0 94.0 95.0 97.0 101.0 103.0 105.0 106.0 108.0 110.0 114.0 119.0 122.0 125.0 124.0 124.0 124.0 123.0 119.0 116.0 113.0 111.0 109.0 106.0 107.0 113.0 117.0 118.0 116.0 112.0 109.0 107.0 106.0 104.0 102.0 100.0 100.0 98.0 97.0 96.0 94.0 93.0 91.0 90.0 89.0 90.0 96.0 101.0 105.0 111.0 114.0 119.0 114.0 104.0 93.0 87.0 95.0
82.0 89.0 94.0 100.0 101.0 101.0 100.0 101.0 102.0 102.0 104.0 102.0 97.0 92.0 87.0 87.0 87.0 87.0 88.0 89.0 90.0 91.0 93.0 95.0 96.0 98.0 101.0 103.0 105.0 106.0 109.0 111.0 112.0 116.0 119.0 121.0 121.0 123.0 125.0 125.0 122.0 117.0 115.0 115.0 113.0 109.0 110.0 115.0 118.0 119.0 118.0 115.0 112.0 110.0 108.0 106.0 103.0 102.0 101.0 100.0 99.0 98.0 96.0 93.0 92.0 91.0 91.0 92.0 97.0 102.0 106.0 110.0 114.0 120.0 117.0 107.0 96.0 90.0 96.0
82.0 89.0 92.0 94.0 96.0 96.0 97.0 98.0 98.0 99.0 101.0 101.0 97.0 93.0 88.0 87.0 87.0 87.0 88.0 89.0 90.0 92.0 94.0 95.0 97.0 98.0 101.0 103.0 105.0 106.0 109.0 113.0 114.0 118.0 121.0 124.0 124.0 125.0 128.0 128.0 126.0 122.0 121.0 120.0 118.0 114.0 112.0 116.0 118.0 121.0 121.0 118.0 116.0 114.0 110.0 108.0 105.0 104.0 104.0 105.0 103.0 101.0 98.0 94.0 93.0 93.0 93.0 93.0 96.0 101.0 105.0 109.0 114.0 121.0 120.0 110.0 99.0 93.0 96.0
79.0 84.0 87.0 88.0 88.0 90.0 92.0 93.0 95.0 97.0 99.0 100.0 97.0 92.0 89.0 88.0 89.0 89.0 88.0 89.0 90.0 92.0 93.0 96.0 97.0 99.0 102.0 104.0 106.0 108.0 111.0 114.0 116.0 119.0 122.0 125.0 127.0 129.0 131.0 132.0 131.0 130.0 130.0 129.0 124.0 118.0 114.0 117.0 121.0 123.0 124.0 121.0 118.0 114.0 112.0 109.0 106.0 106.0 107.0 108.0 107.0 104.0 100.0 96.0 94.0 94.0 94.0 94.0 97.0 101.0 104.0 108.0 114.0 121.0 124.0 114.0 103.0 95.0 96.0
75.0 78.0 80.0 80.0 81.0 83.0 86.0 88.0 91.0 93.0 96.0 98.0 97.0 94.0 92.0 92.0 92.0 91.0 89.0 90.0 91.0 92.0 94.0 96.0 97.0 99.0 102.0 105.0 108.0 111.0 114.0 117.0 121.0 123.0 124.0 126.0 129.0 131.0 135.0 136.0 137.0 138.0 139.0 137.0 132.0 125.0 118.0 121.0 126.0 127.0 127.0 124.0 120.0 116.0 113.0 112.0 110.0 110.0 110.0 109.0 106.0 102.0 99.0 96.0 94.0 95.0 95.0 95.0 98.0 101.0 103.0 106.0 112.0 119.0 123.0 117.0 107.0 97.0 96.0
70.0 71.0 72.0 73.0 73.0 75.0 79.0 82.0 85.0 88.0 91.0 96.0 97.0 96.0 95.0 95.0 93.0 92.0 91.0 92.0 93.0 92.0 95.0 96.0 97.0 99.0 102.0 106.0 110.0 114.0 118.0 122.0 127.0 128.0 129.0 130.0 132.0 135.0 139.0 141.0 142.0 144.0 145.0 143.0 138.0 131.0 124.0 125.0 128.0 130.0 131.0 128.0 124.0 120.0 117.0 117.0 117.0 117.0 113.0 110.0 105.0 101.0 100.0 98.0 97.0 97.0 97.0 97.0 98.0 100.0 101.0 103.0 109.0 116.0 121.0 118.0 110.0 100.0 97.0
