msi.gama.models/models/3D/DEM/includes/asc_grid/vulcano.asc
ncols         100
nrows         100
xllcorner     855931.82803726
yllcorner     6265857.3473187
cellsize      1
NODATA_value  -9999 
[rows 35 to 69 of 100, columns 0 to 78 of 100]
64.0 64.0 65.0 66.0 66.0 67.0 71.0 76.0 81.0 86.0 90.0 96.0 98.0 97.0 96.0 94.0 93.0 94.0 93.0 93.0 94.0 94.0 95.0 97.0 99.0 100.0 103.0 108.0 113.0 117.0 121.0 126.0 130.0 132.0 132.0 134.0 138.0 142.0 145.0 146.0 148.0 149.0 149.0 149.0 144.0 139.0 133.0 131.0 133.0 134.0 133.0 130.0 128.0 126.0 124.0 123.0 122.0 120.0 116.0 111.0 105.0 101.0 101.0 100.0 99.0 100.0 99.0 99.0 98.0 100.0 102.0 104.0 109.0 114.0 118.0 114.0 108.0 103.0 99.0
59.0 59.0 60.0 60.0 62.0 65.0 70.0 77.0 84.0 90.0 94.0 99.0 101.0 98.0 96.0 95.0 95.0 96.0 96.0 96.0 96.0 96.0 96.0 98.0 100.0 102.0 105.0 112.0 117.0 123.0 126.0 130.0 134.0 137.0 138.0 141.0 145.0 148.0 151.0 152.0 155.0 156.0 156.0 157.0 153.0 149.0 144.0 140.0 140.0 139.0 135.0 132.0 131.0 129.0 126.0 125.0 123.0 120.0 118.0 113.0 107.0 104.0 104.0 103.0 102.0 101.0 100.0 100.0 99.0 102.0 106.0 109.0 112.0 112.0 114.0 111.0 108.0 105.0 103.0
56.0 57.0 59.0 61.0 62.0 65.0 71.0 78.0 86.0 92.0 96.0 100.0 103.0 102.0 101.0 102.0 103.0 102.0 100.0 98.0 98.0 97.0 98.0 100.0 101.0 105.0 109.0 113.0 119.0 125.0 129.0 132.0 135.0 140.0 143.0 146.0 150.0 154.0 157.0 159.0 164.0 165.0 165.0 166.0 163.0 160.0 155.0 151.0 147.0 145.0 141.0 137.0 134.0 131.0 127.0 125.0 123.0 121.0 118.0 113.0 109.0 106.0 105.0 105.0 103.0 102.0 102.0 101.0 101.0 104.0 109.0 114.0 114.0 112.0 112.0 112.0 111.0 111.0 110.0
51.0 54.0 58.0 61.0 63.0 68.0 73.0 80.0 87.0 92.0 96.0 100.0 104.0 106.0 106.0 109.0 109.0 105.0 102.0 99.0 99.0 99.0 100.0 102.0 104.0 108.0 112.0 115.0 121.0 128.0 133.0 135.0 138.0 143.0 147.0 150.0 156.0 160.0 163.0 168.0 173.0 174.0 174.0 174.0 173.0 170.0 165.0 159.0 155.0 150.0 146.0 141.0 138.0 134.0 130.0 126.0 124.0 121.0 117.0 113.0 110.0 106.0 105.0 105.0 104.0 103.0 103.0 102.0 102.0 106.0 110.0 114.0 116.0 114.0 113.0 114.0 115.0 116.0 116.0
49.0 53.0 58.0 61.0 65.0 70.0 75.0 81.0 88.0 92.0 96.0 99.0 102.0 105.0 106.0 108.0 107.0 103.0 99.0 97.0 98.0 99.0 101.0 103.0 106.0 111.0 114.0 118.0 124.0 130.0 135.0 138.0 142.0 146.0 150.0 154.0 161.0 167.0 171.0 176.0 182.0 184.0 184.0 183.0 182.0 179.0 174.0 168.0 164.0 158.0 152.0 146.0 141.0 136.0 132.0 127.0 124.0 120.0 117.0 113.0 109.0 107.0 106.0 106.0 105.0 104.0 104.0 104.0 104.0 107.0 111.0 114.0 116.0 116.0 115.0 115.0 117.0 119.0 122.0
51.0 55.0 61.0 65.0 69.0 74.0 77.0 82.0 88.0 92.0 96.0 99.0 101.0 103.0 102.0 101.0 99.0 97.0 96.0 96.0 98.0 99.0 102.0 105.0 108.0 112.0 116.0 121.0 127.0 132.0 139.0 141.0 145.0 150.0 155.0 160.0 166.0 173.0 179.0 186.0 195.0 198.0 196.0 195.0 194.0 191.0 185.0 181.0 175.0 169.0 160.0 151.0 145.0 139.0 134.0 129.0 125.0 121.0 117.0 114.0 111.0 109.0 108.0 108.0 107.0 107.0 107.0 107.0 106.0 108.0 113.0 117.0 120.0 121.0 120.0 117.0 118.0 121.0 126.0
51.0 57.0 63.0 69.0 73.0 76.0 80.0 85.0 89.0 92.0 95.0 98.0 99.0 99.0 97.0 95.0 93.0 94.0 96.0 96.0 98.0 100.0 103.0 107.0 109.0 113.0 117.0 121.0 127.0 133.0 140.0 144.0 148.0 153.0 160.0 165.0 172.0 180.0 188.0 195.0 205.0 211.0 211.0 210.0 209.0 204.0 197.0 194.0 187.0 178.0 167.0 156.0 149.0 143.0 137.0 133.0 128.0 123.0 119.0 117.0 114.0 111.0 110.0 109.0 108.0 107.0 107.0 107.0 108.0 109.0 114.0 122.0 128.0 128.0 124.0 120.0 120.0 125.0 131.0
53.0 60.0 66.0 73.0 75.0 79.0 83.0 88.0 90.0 91.0 92.0 93.0 94.0 94.0 92.0 92.0 91.0 93.0 95.0 96.0 97.0 101.0 104.0 107.0 109.0 114.0 117.0 121.0 127.0 133.0 140.0 146.0 151.0 157.0 164.0 171.0 180.0 191.0 201.0 207.0 216.0 224.0 224.0 224.0 222.0 214.0 206.0 200.0 191.0 180.0 170.0 161.0 155.0 149.0 143.0 138.0 132.0 126.0 121.0 118.0 116.0 113.0 111.0 110.0 109.0 107.0 107.0 108.0 107.0 108.0 114.0 122.0 128.0 129.0 126.0 123.0 125.0 129.0 134.0
55.0 62.0 68.0 75.0 77.0 80.0 84.0 84.0 85.0 84.0 84.0 84.0 86.0 86.0 86.0 87.0 89.0 91.0 94.0 96.0 98.0 101.0 104.0 108.0 111.0 115.0 118.0 123.0 128.0 135.0 141.0 149.0 156.0 163.0 172.0 181.0 191.0 204.0 213.0 220.0 227.0 230.0 230.0 227.0 225.0 213.0 203.0 198.0 189.0 179.0 172.0 166.0 160.0 154.0 146.0 140.0 134.0 128.0 122.0 118.0 116.0 114.0 113.0 112.0 110.0 109.0 109.0 109.0 107.0 108.0 114.0 119.0 123.0 125.0 124.0 125.0 129.0 133.0 137.0
54.0 61.0 66.0 73.0 74.0 77.0 80.0 79.0 79.0 77.0 76.0 77.0 80.0 81.0 83.0 86.0 89.0 91.0 93.0 96.0 98.0 101.0 104.0 108.0 112.0 116.0 120.0 125.0 130.0 138.0 144.0 152.0 161.0 169.0 180.0 190.0 200.0 213.0 222.0 224.0 226.0 228.0 227.0 226.0 224.0 208.0 198.0 194.0 185.0 178.0 172.0 167.0 160.0 152.0 144.0 138.0 132.0 127.0 121.0 117.0 115.0 115.0 114.0 113.0 112.0 110.0 110.0 110.0 110.0 109.0 112.0 115.0 118.0 122.0 125.0 128.0 134.0 137.0 138.0
54.0 59.0 63.0 69.0 71.0 73.0 76.0 77.0 76.0 73.0 74.0 76.0 79.0 81.0 83.0 87.0 89.0 92.0 93.0 95.0 98.0 101.0 105.0 108.0 113.0 117.0 122.0 127.0 131.0 140.0 147.0 155.0 164.0 174.0 185.0 195.0 205.0 218.0 228.0 228.0 227.0 218.0 213.0 213.0 206.0 197.0 194.0 189.0 179.0 174.0 169.0 163.0 159.0 150.0 143.0 136.0 130.0 126.0 122.0 118.0 118.0 116.0 115.0 114.0 112.0 111.0 111.0 110.0 111.0 109.0 111.0 116.0 121.0 128.0 133.0 135.0 138.0 139.0 138.0
54.0 58.0 61.0 65.0 68.0 70.0 73.0 73.0 73.0 73.0 73.0 75.0 78.0 80.0 82.0 85.0 87.0 91.0 92.0 95.0 99.0 102.0 105.0 108.0 113.0 118.0 123.0 128.0 134.0 141.0 150.0 159.0 168.0 178.0 189.0 200.0 210.0 223.0 232.0 231.0 220.0 194.0 189.0 191.0 186.0 187.0 188.0 182.0 176.0 172.0 166.0 161.0 158.0 152.0 145.0 138.0 132.0 128.0 124.0 120.0 118.0 116.0 115.0 114.0 113.0 112.0 110.0 109.0 110.0 109.0 110.0 117.0 126.0 134.0 138.0 139.0 139.0 137.0 134.0
54.0 57.0 59.0 61.0 64.0 65.0 67.0 69.0 70.0 72.0 72.0 73.0 75.0 77.0 80.0 83.0 85.0 89.0 91.0 95.0 99.0 102.0 106.0 109.0 114.0 120.0 126.0 134.0 141.0 147.0 154.0 162.0 171.0 181.0 192.0 203.0 213.0 225.0 236.0 233.0 207.0 180.0 186.0 198.0 193.0 185.0 182.0 180.0 179.0 176.0 172.0 166.0 161.0 154.0 148.0 141.0 134.0 131.0 127.0 121.0 119.0 117.0 116.0 115.0 114.0 112.0 110.0 109.0 109.0 108.0 110.0 118.0 125.0 129.0 129.0 128.0 128.0 126.0 124.0
55.0 57.0 58.0 60.0 62.0 62.0 65.0 67.0 69.0 69.0 70.0 71.0 73.0 76.0 79.0 82.0 84.0 89.0 92.0 95.0 98.0 101.0 105.0 109.0 114.0 120.0 128.0 136.0 142.0 147.0 154.0 162.0 171.0 180.0 192.0 204.0 215.0 226.0 237.0 234.0 204.0 181.0 193.0 210.0 205.0 190.0 184.0 186.0 187.0 186.0 180.0 173.0 164.0 156.0 149.0 142.0 134.0 130.0 127.0 123.0 119.0 119.0 118.0 116.0 114.0 112.0 110.0 109.0 109.0 108.0 108.0 111.0 113.0 113.0 114.0 115.0 116.0 117.0 116.0
55.0 57.0 57.0 60.0 61.0 63.0 64.0 66.0 67.0 67.0 68.0 70.0 73.0 77.0 80.0 84.0 86.0 90.0 92.0 94.0 97.0 101.0 107.0 110.0 115.0 122.0 128.0 133.0 137.0 142.0 150.0 159.0 170.0 180.0 191.0 202.0 213.0 223.0 233.0 235.0 213.0 185.0 186.0 198.0 199.0 188.0 190.0 194.0 193.0 191.0 183.0 174.0 164.0 156.0 150.0 142.0 134.0 130.0 127.0 123.0 120.0 119.0 118.0 116.0 114.0 112.0 110.0 108.0 108.0 108.0 107.0 107.0 107.0 106.0 106.0 108.0 110.0 112.0 111.0
54.0 56.0 57.0 59.0 61.0 63.0 64.0 65.0 65.0 67.0 69.0 71.0 75.0 80.0 82.0 86.0 88.0 90.0 91.0 94.0 99.0 104.0 110.0 114.0 118.0 122.0 125.0 128.0 130.0 137.0 146.0 155.0 165.0 175.0 185.0 195.0 206.0 216.0 227.0 234.0 228.0 205.0 190.0 188.0 189.0 189.0 194.0 202.0 199.0 191.0 183.0 174.0 165.0 157.0 150.0 143.0 135.0 131.0 128.0 124.0 121.0 119.0 116.0 115.0 113.0 111.0 109.0 108.0 108.0 107.0 107.0 107.0 108.0 106.0 106.0 107.0 108.0 108.0 107.0
51.0 54.0 55.0 58.0 59.0 60.0 61.0 63.0 64.0 67.0 70.0 72.0 75.0 80.0 83.0 85.0 87.0 88.0 90.0 94.0 101.0 108.0 114.0 117.0 120.0 121.0 123.0 125.0 128.0 132.0 141.0 150.0 157.0 166.0 177.0 187.0 198.0 208.0 219.0 226.0 228.0 224.0 217.0 211.0 209.0 212.0 215.0 213.0 205.0 193.0 183.0 175.0 166.0 157.0 151.0 143.0 136.0 131.0 127.0 125.0 121.0 119.0 117.0 114.0 112.0 110.0 110.0 109.0 107.0 107.0 107.0 107.0 106.0 106.0 106.0 106.0 107.0 108.0 110.0
49.0 51.0 52.0 55.0 57.0 57.0 59.0 61.0 63.0 66.0 68.0 72.0 75.0 78.0 80.0 82.0 85.0 87.0 90.0 95.0 102.0 111.0 116.0 118.0 117.0 118.0 119.0 121.0 124.0 127.0 135.0 143.0 152.0 161.0 171.0 180.0 191.0 199.0 207.0 214.0 219.0 219.0 227.0 231.0 228.0 225.0 222.0 214.0 201.0 191.0 182.0 174.0 166.0 157.0 151.0 144.0 136.0 130.0 127.0 125.0 123.0 121.0 118.0 117.0 115.0 112.0 109.0 107.0 106.0 106.0 106.0 107.0 106.0 106.0 106.0 108.0 111.0 115.0 118.0
49.0 49.0 51.0 54.0 55.0 56.0 58.0 60.0 62.0 64.0 67.0 70.0 72.0 75.0 77.0 80.0 83.0 86.0 89.0 96.0 104.0 110.0 115.0 115.0 114.0 114.0 114.0 118.0 121.0 124.0 132.0 141.0 149.0 158.0 167.0 176.0 185.0 191.0 196.0 201.0 206.0 209.0 213.0 216.0 215.0 210.0 207.0 200.0 191.0 185.0 178.0 170.0 163.0 155.0 148.0 142.0 135.0 132.0 129.0 128.0 127.0 125.0 122.0 118.0 115.0 112.0 110.0 107.0 106.0 106.0 106.0 107.0 106.0 106.0 106.0 109.0 112.0 115.0 117.0
52.0 53.0 54.0 56.0 55.0 56.0 56.0 59.0 61.0 64.0 66.0 69.0 71.0 72.0 75.0 78.0 80.0 86.0 92.0 99.0 104.0 108.0 112.0 111.0 111.0 111.0 112.0 116.0 119.0 122.0 130.0 140.0 149.0 157.0 164.0 170.0 177.0 182.0 185.0 189.0 191.0 194.0 196.0 197.0 198.0 194.0 191.0 188.0 182.0 177.0 171.0 164.0 157.0 149.0 143.0 138.0 134.0 132.0 131.0 130.0 129.0 128.0 124.0 118.0 112.0 109.0 108.0 106.0 106.0 106.0 106.0 107.0 106.0 105.0 106.0 107.0 109.0 110.0 112.0
60.0 60.0 61.0 60.0 58.0 58.0 60.0 62.0 63.0 64.0 66.0 68.0 70.0 71.0 73.0 73.0 77.0 85.0 93.0 98.0 100.0 103.0 105.0 105.0 107.0 108.0 110.0 113.0 117.0 121.0 128.0 137.0 144.0 151.0 157.0 161.0 169.0 173.0 173.0 174.0 176.0 179.0 181.0 183.0 184.0 181.0 180.0 177.0 172.0 166.0 162.0 157.0 150.0 144.0 139.0 137.0 134.0 131.0 131.0 132.0 131.0 131.0 126.0 118.0 109.0 106.0 107.0 108.0 109.0 109.0 109.0 108.0 106.0 106.0 105.0 106.0 106.0 107.0 106.0
68.0 67.0 65.0 65.0 65.0 66.0 68.0 67.0 67.0 66.0 69.0 70.0 71.0 73.0 75.0 76.0 78.0 84.0 89.0 92.0 94.0 95.0 97.0 99.0 102.0 106.0 107.0 111.0 115.0 120.0 126.0 132.0 138.0 145.0 150.0 154.0 159.0 163.0 163.0 164.0 166.0 168.0 170.0 174.0 176.0 173.0 170.0 165.0 161.0 157.0 154.0 151.0 146.0 142.0 139.0 136.0 135.0 132.0 131.0 132.0 133.0 132.0 126.0 121.0 114.0 112.0 114.0 116.0 117.0 114.0 111.0 109.0 106.0 107.0 106.0 106.0 106.0 107.0 107.0
70.0 69.0 68.0 69.0 71.0 74.0 74.0 72.0 71.0 70.0 73.0 77.0 80.0 81.0 82.0 81.0 80.0 83.0 86.0 88.0 90.0 92.0 95.0 98.0 101.0 104.0 104.0 108.0 113.0 118.0 123.0 130.0 135.0 140.0 144.0 148.0 153.0 154.0 155.0 155.0 155.0 158.0 160.0 164.0 167.0 164.0 160.0 156.0 153.0 150.0 148.0 145.0 143.0 140.0 139.0 137.0 134.0 129.0 125.0 125.0 127.0 128.0 126.0 124.0 122.0 122.0 122.0 122.0 122.0 118.0 115.0 112.0 109.0 111.0 109.0 107.0 106.0 106.0 106.0
74.0 73.0 73.0 74.0 77.0 79.0 80.0 79.0 78.0 78.0 81.0 85.0 90.0 90.0 88.0 84.0 81.0 82.0 85.0 85.0 87.0 91.0 95.0 99.0 101.0 103.0 103.0 107.0 112.0 116.0 121.0 128.0 133.0 138.0 141.0 143.0 146.0 146.0 147.0 147.0 147.0 150.0 152.0 155.0 157.0 154.0 150.0 146.0 145.0 143.0 141.0 140.0 139.0 137.0 135.0 132.0 125.0 119.0 113.0 113.0 118.0 123.0 125.0 124.0 125.0 125.0 124.0 123.0 125.0 123.0 120.0 117.0 116.0 114.0 111.0 108.0 106.0 106.0 106.0
80.0 78.0 76.0 78.0 81.0 83.0 85.0 85.0 84.0 84.0 88.0 91.0 95.0 96.0 92.0 87.0 82.0 82.0 84.0 84.0 85.0 90.0 95.0 99.0 101.0 103.0 104.0 106.0 111.0 116.0 121.0 126.0 130.0 137.0 139.0 138.0 140.0 141.0 141.0 142.0 143.0 144.0 145.0 145.0 147.0 146.0 143.0 140.0 139.0 139.0 140.0 140.0 138.0 133.0 128.0 124.0 116.0 109.0 103.0 103.0 109.0 114.0 117.0 117.0 118.0 119.0 120.0 121.0 124.0 126.0 123.0 120.0 117.0 113.0 110.0 108.0 106.0 106.0 106.0
84.0 81.0 80.0 80.0 83.0 85.0 87.0 88.0 88.0 88.0 91.0 95.0 100.0 101.0 97.0 90.0 84.0 82.0 83.0 83.0 85.0 90.0 95.0 100.0 104.0 105.0 105.0 106.0 111.0 114.0 117.0 121.0 126.0 130.0 133.0 133.0 135.0 136.0 136.0 136.0 137.0 137.0 138.0 139.0 139.0 139.0 138.0 136.0 136.0 137.0 138.0 139.0 137.0 131.0 126.0 122.0 115.0 107.0 97.0 95.0 99.0 104.0 107.0 108.0 109.0 112.0 116.0 119.0 124.0 129.0 127.0 120.0 113.0 109.0 108.0 107.0 106.0 107.0 107.0
86.0 84.0 83.0 83.0 85.0 88.0 89.0 90.0 91.0 90.0 92.0 97.0 101.0 102.0 96.0 89.0 85.0 82.0 83.0 84.0 85.0 90.0 95.0 100.0 103.0 104.0 104.0 106.0 109.0 111.0 112.0 115.0 120.0 123.0 127.0 127.0 129.0 132.0 131.0 132.0 134.0 134.0 134.0 134.0 134.0 135.0 135.0 134.0 135.0 135.0 135.0 136.0 135.0 131.0 128.0 125.0 117.0 106.0 93.0 87.0 92.0 96.0 98.0 99.0 101.0 105.0 109.0 114.0 123.0 131.0 128.0 121.0 112.0 109.0 110.0 111.0 111.0 112.0 112.0
87.0 86.0 85.0 86.0 88.0 90.0 91.0 92.0 93.0 94.0 95.0 96.0 95.0 93.0 90.0 86.0 85.0 83.0 84.0 84.0 85.0 88.0 93.0 96.0 99.0 102.0 102.0 104.0 106.0 108.0 110.0 112.0 116.0 119.0 123.0 123.0 125.0 128.0 130.0 129.0 129.0 129.0 129.0 128.0 128.0 128.0 128.0 128.0 130.0 132.0 133.0 133.0 132.0 131.0 129.0 125.0 117.0 105.0 95.0 91.0 92.0 92.0 91.0 90.0 93.0 95.0 100.0 109.0 119.0 130.0 129.0 123.0 119.0 119.0 120.0 120.0 120.0 118.0 116.0
87.0 86.0 86.0 87.0 88.0 91.0 92.0 93.0 94.0 96.0 97.0 96.0 92.0 88.0 87.0 85.0 85.0 84.0 84.0 85.0 86.0 87.0 91.0 94.0 97.0 99.0 101.0 103.0 104.0 106.0 109.0 111.0 113.0 116.0 118.0 119.0 121.0 124.0 126.0 126.0 125.0 125.0 124.0 123.0 120.0 119.0 122.0 123.0 126.0 127.0 128.0 128.0 128.0 127.0 122.0 117.0 109.0 104.0 100.0 98.0 95.0 91.0 86.0 84.0 88.0 92.0 98.0 108.0 115.0 122.0 123.0 123.0 127.0 129.0 128.0 125.0 122.0 121.0 118.0
82.0 83.0 86.0 89.0 90.0 92.0 94.0 96.0 97.0 97.0 99.0 97.0 94.0 90.0 88.0 87.0 85.0 84.0 84.0 84.0 85.0 86.0 90.0 94.0 96.0 97.0 100.0 102.0 104.0 106.0 108.0 110.0 111.0 113.0 114.0 116.0 117.0 119.0 122.0 121.0 121.0 121.0 120.0 117.0 114.0 111.0 114.0 117.0 118.0 118.0 120.0 121.0 124.0 120.0 114.0 106.0 100.0 100.0 98.0 95.0 90.0 86.0 81.0 80.0 86.0 94.0 101.0 108.0 112.0 115.0 119.0 122.0 125.0 127.0 125.0 122.0 120.0 118.0 116.0
76.0 80.0 84.0 89.0 92.0 94.0 96.0 97.0 99.0 100.0 101.0 101.0 98.0 94.0 91.0 90.0 89.0 87.0 86.0 85.0 86.0 87.0 90.0 93.0 95.0 96.0 98.0 101.0 103.0 105.0 106.0 108.0 110.0 111.0 111.0 111.0 112.0 114.0 117.0 116.0 117.0 118.0 117.0 114.0 111.0 109.0 108.0 109.0 108.0 107.0 111.0 114.0 118.0 116.0 109.0 103.0 99.0 96.0 92.0 84.0 76.0 76.0 74.0 76.0 82.0 91.0 101.0 105.0 108.0 112.0 118.0 119.0 119.0 119.0 118.0 116.0 116.0 116.0 115.0
74.0 80.0 84.0 90.0 93.0 95.0 97.0 99.0 101.0 103.0 103.0 104.0 101.0 97.0 95.0 94.0 93.0 92.0 90.0 89.0 88.0 87.0 89.0 92.0 94.0 96.0 97.0 100.0 102.0 103.0 104.0 106.0 108.0 108.0 108.0 108.0 109.0 112.0 113.0 114.0 114.0 114.0 114.0 112.0 109.0 106.0 103.0 103.0 100.0 100.0 104.0 109.0 115.0 117.0 112.0 107.0 103.0 96.0 87.0 76.0 70.0 72.0 71.0 72.0 78.0 86.0 95.0 101.0 105.0 112.0 116.0 116.0 115.0 113.0 113.0 113.0 114.0 117.0 118.0
76.0 82.0 87.0 90.0 93.0 95.0 98.0 102.0 104.0 106.0 105.0 107.0 103.0 101.0 101.0 99.0 97.0 95.0 92.0 91.0 90.0 89.0 90.0 92.0 92.0 95.0 97.0 99.0 101.0 102.0 102.0 104.0 106.0 105.0 106.0 108.0 109.0 110.0 111.0 112.0 112.0 113.0 115.0 112.0 108.0 102.0 97.0 95.0 94.0 95.0 98.0 104.0 112.0 116.0 112.0 108.0 105.0 98.0 89.0 82.0 77.0 75.0 72.0 71.0 73.0 82.0 90.0 97.0 102.0 107.0 112.0 112.0 111.0 110.0 112.0 113.0 115.0 117.0 119.0
76.0 82.0 86.0 90.0 94.0 98.0 102.0 105.0 107.0 109.0 108.0 108.0 107.0 107.0 105.0 103.0 100.0 96.0 93.0 91.0 91.0 89.0 89.0 91.0 92.0 94.0 95.0 97.0 99.0 100.0 100.0 101.0 102.0 102.0 104.0 106.0 107.0 108.0 109.0 110.0 111.0 114.0 118.0 116.0 109.0 98.0 90.0 87.0 88.0 89.0 92.0 98.0 104.0 110.0 108.0 106.0 106.0 102.0 96.0 90.0 83.0 80.0 75.0 70.0 70.0 78.0 84.0 89.0 93.0 98.0 102.0 103.0 105.0 108.0 109.0 110.0 113.0 117.0 119.0
75.0 80.0 85.0 90.0 96.0 101.0 104.0 108.0 110.0 111.0 111.0 112.0 112.0 110.0 108.0 105.0 102.0 97.0 92.0 90.0 90.0 90.0 89.0 90.0 91.0 92.0 93.0 95.0 97.0 98.0 98.0 98.0 99.0 100.0 102.0 103.0 104.0 105.0 107.0 107.0 109.0 115.0 120.0 119.0 109.0 95.0 87.0 84.0 85.0 82.0 84.0 89.0 94.0 98.0 99.0 101.0 103.0 101.0 95.0 87.0 79.0 76.0 71.0 69.0 70.0 73.0 78.0 81.0 85.0 90.0 94.0 98.0 100.0 103.0 103.0 104.0 108.0 113.0 117.0
