simtools.gaml.extensions.physics/models/Physics Engine/images/DEM/RedRiver.asc
ncols         180
nrows         135
xllcorner     586018.5240265
yllcorner     2325327.5171143
cellsize      40
NODATA_value  -9999
[rows 108 to 134 of 135, columns 61 to 121 of 180]
0.01320156 0.0002571367 0 0 0 8.403916e-006 0.06706396 0.3104934 0.6706141 1.056253 1.413137 1.736826 2.003367 2.251521 2.499727 2.756049 3.035943 3.347829 3.660728 3.923668 4.102059 4.212029 4.264399 4.043675 2.587491 0.9676427 0.2141231 0.1011509 0.2295513 0.4278824 0.6024573 0.7097294 0.7536663 0.7496383 0.7046198 0.6260912 0.527224 0.4269042 0.3365014 0.2586193 0.1939791 0.1425016 0.1017925 0.07036719 0.04540052 0.01859167 0.0002040868 0.0965475 1.074388 3.179055 5.47306 7.655135 8.996646 9.302979 9.204561 8.994027 8.922434 8.807061 8.758009 8.716587 8.631024
0.01798587 0.0004092286 0 0 0 0.0001651916 0.1244692 0.3594006 0.6318112 0.9339046 1.224622 1.484791 1.72467 1.968352 2.201758 2.4073 2.599067 2.819121 3.10612 3.463284 3.879784 4.337517 4.749027 4.82997 3.997349 2.031694 0.3985928 0.008985429 0.07455502 0.289595 0.495024 0.6255156 0.6871612 0.6974912 0.6619332 0.5847693 0.4879789 0.3949296 0.3151394 0.248861 0.1944197 0.1501692 0.1137003 0.08342514 0.05604662 0.02749071 0.006099077 0.0001960193 0.2093151 1.681839 3.955595 6.380214 8.321301 9.242218 9.439446 9.323056 9.130256 8.937586 8.907366 8.902279 8.861509
0.02947027 0.003758211 2.178595e-009 0 0 1.13687e-005 0.04893081 0.2381347 0.4913763 0.7557704 1.000041 1.212487 1.425844 1.67589 1.923281 2.112876 2.240652 2.373958 2.613192 3.008694 3.563125 4.231046 4.871644 5.21152 4.880826 3.59625 1.127422 0.2176124 0.1735165 0.3605298 0.5453996 0.6618637 0.717792 0.7274742 0.6892704 0.5990347 0.4903313 0.3927821 0.3117349 0.2454476 0.1928234 0.1521895 0.1198192 0.09274917 0.06676722 0.03897427 0.01499446 0.002287959 0.009275783 0.6230635 2.469778 4.849061 6.957124 8.462695 9.253592 9.477393 9.388641 9.143995 9.004362 8.987769 9.051967
0.03998659 0.006303943 1.289146e-008 0 0 0 0.0001910855 0.1297368 0.3407406 0.5654492 0.7758974 0.9527686 1.133427 1.377957 1.650159 1.865487 1.982083 2.0614 2.242844 2.616777 3.201317 3.94222 4.69083 5.20203 5.204255 4.437503 2.542491 0.959772 0.7165367 0.7434974 0.8034601 0.8440316 0.8536562 0.8323717 0.764638 0.6472292 0.5216927 0.4111983 0.3182102 0.2416991 0.1834025 0.1441322 0.1180582 0.09817459 0.07723305 0.05152065 0.02588527 0.007364251 0.0005056754 0.07060947 1.096316 3.207977 5.29 7.051034 8.43398 9.240213 9.52956 9.484131 9.22054 9.067072 9.309156
0.04939002 0.008237381 2.988654e-008 0 0 0 6.688385e-006 0.07788107 0.2234092 0.391984 0.5686606 0.7221878 0.8671485 1.080433 1.361176 1.626852 1.796904 1.888806 2.03638 2.354222 2.879382 3.568291 4.295821 4.854678 5.030825 4.642716 3.613413 2.327256 1.683249 1.345046 1.178871 1.105222 1.041395 0.9670625 0.8482025 0.6995097 0.5623028 0.4441871 0.34135 0.2526438 0.1837839 0.1403564 0.1165226 0.1021337 0.08638596 0.06325524 0.03688837 0.01456345 0.001567853 0.002199488 0.3460826 1.892461 3.645653 5.286058 6.977769 8.392521 9.324584 9.817515 9.861978 9.791533 9.837702
0.05892993 0.01003463 5.266796e-008 0 0 0 2.279982e-006 0.04735891 0.1414956 0.2560646 0.3949565 0.5338242 0.6494507 0.8044762 1.052639 1.356065 1.623766 1.810281 1.986747 2.256386 2.670782 3.213726 3.805788 4.29919 4.524652 4.311976 3.575112 2.676727 2.36805 1.7743 1.44907 1.30974 1.180373 1.042421 0.8861473 0.7259286 0.59072 0.4765639 0.3733544 0.277424 0.1973913 0.1451535 0.117948 0.1048538 0.09236837 0.07162285 0.04542626 0.02129785 0.005284787 4.221906e-006 0.0336487 0.5622247 1.802613 3.32912 5.136693 6.925207 8.466428 9.67121 9.996231 10 9.999969
0.06781036 0.01169124 8.044046e-008 0 0 0 1.278884e-006 0.03650268 0.1048487 0.1910623 0.3036483 0.4328469 0.5372742 0.6418592 0.8294981 1.122185 1.457391 1.757383 2.014437 2.28325 2.6107 3.006737 3.442114 3.836557 4.083612 4.072275 3.779982 3.398143 2.841509 1.784613 1.459232 1.342596 1.1923 1.030499 0.8665037 0.7140026 0.5914211 0.4897217 0.3947522 0.3001055 0.2144863 0.1541169 0.1208115 0.1051447 0.09288844 0.07345613 0.04804055 0.02396459 0.007434258 0.0006833125 0.00277855 0.09270397 0.6911646 1.950331 3.70989 5.59191 7.334715 8.852304 9.878465 10 9.999997
0.08533227 0.01529304 2.383812e-007 0 0 0 7.152379e-007 0.03544088 0.0870568 0.1471807 0.2339335 0.3492047 0.4500763 0.5063335 0.5985844 0.8190899 1.183995 1.620544 2.024981 2.347024 2.589353 2.786492 2.981784 3.203604 3.443524 3.669578 3.884376 3.972917 2.814216 1.471531 1.347793 1.253901 1.09246 0.9260959 0.7784684 0.6555535 0.5628675 0.4871856 0.4120619 0.3274685 0.2401805 0.1700589 0.1260392 0.1030638 0.08803356 0.06916343 0.04525554 0.02252792 0.007065146 0.00065406 0 0 0.03616953 0.6175053 2.163589 3.980737 5.686724 7.328556 8.842405 9.80875 9.98979
0.1179107 0.02878942 0.001093419 0 0 0 9.892748e-006 0.04876783 0.1090612 0.1520829 0.218468 0.3188778 0.4198839 0.4596739 0.4816322 0.6006671 0.910853 1.403053 1.930283 2.336446 2.542278 2.568129 2.513551 2.516986 2.664166 2.976542 3.393212 3.646581 3.154184 2.203084 1.571216 1.172877 0.9026072 0.7283179 0.621356 0.5514782 0.502919 0.461569 0.4133311 0.3469115 0.2654119 0.1890878 0.1335749 0.09984354 0.07840729 0.05815879 0.03568468 0.01560354 0.003437285 0 0 0 0 0.09442523 1.446836 3.080927 4.441073 5.744688 7.258407 8.752882 9.673686
0.1738502 0.06556963 0.005423561 0 0 7.126954e-007 0.02002063 0.09292763 0.1671237 0.2035461 0.2442445 0.3275471 0.4228329 0.4659451 0.4597822 0.5028622 0.7218006 1.176586 1.740919 2.19839 2.390831 2.28976 2.006758 1.770411 1.756854 2.065589 2.610595 3.035355 2.923377 2.431538 1.664867 1.002594 0.6293671 0.466053 0.4226138 0.4236228 0.4279676 0.4232437 0.4023713 0.3568839 0.2866578 0.2090705 0.1439821 0.09844508 0.06818156 0.04468329 0.02313227 0.006719651 0.0004622178 0.00594536 0.009687207 0.004467389 0.01526463 0.3672353 1.716558 3.105088 3.972536 4.682986 5.697391 7.22752 8.683675
0.2552187 0.126383 0.03482512 2.917529e-006 0 1.762826e-005 0.06419008 0.162731 0.2446662 0.2901364 0.3111131 0.3648949 0.4506407 0.4990174 0.4939734 0.5032523 0.647066 1.016296 1.532062 1.973723 2.140577 1.950853 1.486779 1.025773 0.8252371 1.105391 1.857252 2.672144 3.077899 2.807904 1.679273 0.7670968 0.3257578 0.1987 0.2322868 0.3071292 0.3615466 0.3874581 0.3871952 0.3589585 0.3015639 0.2274062 0.1567127 0.1009118 0.06129812 0.03345044 0.01252009 0.001610474 0.01397727 0.05609718 0.1167584 0.2093252 0.4412571 1.193425 2.587344 3.758651 4.071514 4.27918 4.741045 5.826024 7.492465
0.3657737 0.220792 0.1036179 0.02814431 2.219745e-006 3.831149e-005 0.07624099 0.2044544 0.3148174 0.3860705 0.4180282 0.4399403 0.4982639 0.5504106 0.558309 0.5606246 0.6592602 0.9461796 1.374657 1.754095 1.878041 1.632421 1.057686 0.4363294 0.07511731 0.3010862 1.288496 2.56835 3.585631 3.858424 1.945891 0.6692064 0.1307562 0.03106879 0.1232562 0.2440574 0.3274325 0.3689742 0.3770911 0.3571011 0.3093373 0.2411551 0.1694366 0.1070399 0.05970423 0.02763963 0.007145609 2.68019e-006 0.04937809 0.1698284 0.351101 0.6244044 1.106023 1.970916 3.167459 4.031712 4.152174 4.175302 4.399686 4.997616 5.913599
0.5102183 0.3560012 0.2210686 0.1162586 0.04902478 0.04734625 0.1412968 0.2720086 0.389902 0.4833151 0.5459557 0.5741521 0.5912395 0.6238753 0.6427913 0.6569005 0.7313516 0.9539258 1.302795 1.622239 1.724362 1.484973 0.9152946 0.2941535 0.01284427 0.09085491 1.119422 2.587947 3.82901 4.294195 3.211714 1.128927 0.2479288 0.105136 0.1914746 0.2847255 0.3512112 0.3818269 0.3811423 0.3564067 0.310236 0.2468431 0.1776593 0.113616 0.06218618 0.0271092 0.006468869 2.60787e-005 0.09489924 0.3126858 0.6177332 1.019671 1.583451 2.36089 3.240795 3.835433 4.016841 4.066677 4.137599 4.331839 4.745069
0.6814309 0.5265862 0.3865188 0.2755246 0.2091524 0.2057735 0.2796466 0.3957243 0.5060442 0.5979905 0.6761161 0.7293908 0.7452011 0.7378901 0.7425166 0.767078 0.837684 1.013222 1.297914 1.580066 1.700909 1.536203 1.070139 0.5394329 0.2428526 0.4458188 1.373439 2.721573 3.928632 4.497158 3.885703 1.666595 0.5694733 0.3706378 0.4009248 0.4070005 0.4173414 0.415415 0.3945499 0.3572942 0.3065374 0.2449636 0.1791214 0.1166405 0.06444156 0.02787002 0.006548253 7.83603e-005 0.1356738 0.4375297 0.833565 1.301226 1.862983 2.520241 3.182708 3.665148 3.927062 4.007954 4.007876 4.005426 4.137333
0.8732648 0.7256748 0.5898457 0.4834414 0.4252784 0.4185502 0.4692604 0.5668482 0.6682323 0.7442694 0.8106425 0.8778661 0.9187792 0.9052615 0.8785664 0.885873 0.9526419 1.104172 1.346244 1.611047 1.779695 1.737298 1.440883 1.067823 0.8650482 1.068731 1.807126 2.909963 3.944798 4.482553 4.077195 2.434882 0.9989263 0.7094283 0.6652724 0.5647225 0.4992877 0.4536785 0.4084254 0.356682 0.2987719 0.2366523 0.1736913 0.1144417 0.06407125 0.0279057 0.006567868 0.0001384897 0.1648088 0.5237267 0.9713849 1.459228 1.98516 2.537143 3.059391 3.472354 3.782696 3.945105 3.994446 3.941725 3.91519
1.077141 0.9426495 0.8162661 0.7165806 0.6662701 0.6612878 0.6954012 0.7708308 0.8633741 0.9264145 0.9639117 1.016351 1.081269 1.092844 1.058109 1.035159 1.07303 1.198932 1.414058 1.676354 1.904395 1.999577 1.89439 1.69366 1.579483 1.737705 2.273539 3.109 3.948532 4.484653 4.4263 3.33353 1.416193 1.143858 0.9782353 0.7275842 0.5746455 0.4816665 0.4131177 0.3498524 0.2864191 0.2234883 0.1629823 0.1075515 0.06056956 0.02648844 0.006231721 0.000179461 0.181062 0.5669035 1.029044 1.506552 1.986842 2.457864 2.889166 3.250579 3.55975 3.798443 3.952387 3.984562 3.919941
1.283369 1.16633 1.052162 0.9594276 0.9128808 0.9138955 0.9448254 1.000688 1.076867 1.133456 1.145583 1.159149 1.218223 1.267238 1.25672 1.221076 1.222481 1.303755 1.477982 1.726256 1.999893 2.218178 2.295615 2.262733 2.230862 2.34082 2.692073 3.269976 3.886245 4.319248 4.345038 3.676122 2.456896 1.651093 1.186185 0.8275898 0.6115712 0.4827993 0.3986723 0.3310418 0.2677512 0.2067791 0.1495048 0.0980994 0.05507071 0.02398189 0.005592603 0.000201489 0.1883502 0.5713587 1.013054 1.457979 1.890886 2.301701 2.674859 2.999512 3.30169 3.576758 3.806473 3.95122 3.981641
1.481488 1.385621 1.285451 1.20006 1.155247 1.159546 1.196112 1.242538 1.295064 1.337811 1.333585 1.310481 1.342288 1.410598 1.441152 1.425562 1.408355 1.441283 1.554205 1.752428 2.02132 2.310217 2.532294 2.654483 2.715359 2.805765 3.017177 3.374701 3.76869 4.02656 3.945498 3.297725 2.432785 1.901014 1.316786 0.8600928 0.5980637 0.4495343 0.3610697 0.2976471 0.2416739 0.18764 0.136135 0.08942311 0.05014881 0.02174406 0.005015514 0.0002639999 0.1927655 0.541122 0.9322873 1.332044 1.720368 2.083552 2.411286 2.709188 3.001318 3.292451 3.568376 3.793231 3.937725
1.664034 1.592544 1.509281 1.430388 1.388043 1.392954 1.433452 1.477764 1.5052 1.517817 1.501661 1.465587 1.468639 1.534519 1.597098 1.619115 1.614303 1.618807 1.667799 1.788763 1.9999 2.28861 2.593712 2.83824 2.998384 3.107225 3.236254 3.439361 3.677384 3.841244 3.779673 3.369045 2.891202 2.306081 1.393493 0.808476 0.5274711 0.3828558 0.3043217 0.2533777 0.2106517 0.1681804 0.1253772 0.084461 0.04856991 0.02156695 0.005072884 0.0001997223 0.1612935 0.4509102 0.7921016 1.153532 1.509068 1.840067 2.136818 2.410952 2.687989 2.980248 3.279408 3.554996 3.778163
1.82481 1.78039 1.718768 1.647485 1.605558 1.611513 1.652865 1.696867 1.70754 1.691034 1.662791 1.625076 1.607057 1.652856 1.727366 1.784404 1.812045 1.821323 1.830794 1.873016 1.991758 2.214743 2.527445 2.840412 3.083611 3.236633 3.338837 3.460103 3.624434 3.791491 3.870823 3.742175 3.309091 2.258929 1.174498 0.6390383 0.4098485 0.2961366 0.2386317 0.2057371 0.1800647 0.1523685 0.1205287 0.08626392 0.05319072 0.02572173 0.006713077 1.949333e-005 0.08194 0.3030939 0.6101413 0.9463224 1.282756 1.597645 1.878267 2.13488 2.39446 2.675981 2.978642 3.278609 3.547673
1.958936 1.943389 1.908171 1.850395 1.805773 1.810722 1.853613 1.898317 1.902129 1.865187 1.822219 1.784148 1.755213 1.776225 1.843211 1.91856 1.978496 2.015903 2.024777 2.019214 2.047447 2.169045 2.421784 2.737124 3.023035 3.218028 3.326644 3.419136 3.563945 3.774569 4.003489 4.13215 3.911721 2.3844 0.9740576 0.5431665 0.3386561 0.2300456 0.1816068 0.1639792 0.1563753 0.1452517 0.1257097 0.09844413 0.06740051 0.03772903 0.01428998 0.002047814 0.003665447 0.1622218 0.4317439 0.7425084 1.065289 1.375017 1.653028 1.902408 2.148302 2.414503 2.707513 3.011621 3.299714
2.059707 2.073262 2.068315 2.032811 1.989255 1.985921 2.029588 2.079525 2.087397 2.044202 1.998117 1.961295 1.919382 1.913786 1.961181 2.033937 2.105347 2.168073 2.205356 2.202447 2.183696 2.215361 2.373004 2.629992 2.90179 3.106987 3.222034 3.305478 3.444986 3.680333 3.976784 4.175102 3.955122 2.880209 1.620845 0.8379464 0.421784 0.2205194 0.1475614 0.1368345 0.1471129 0.1537165 0.147037 0.1264593 0.09613815 0.06157812 0.02951021 0.006505505 0.0001234271 0.08708084 0.2960419 0.571615 0.8778977 1.185361 1.47057 1.72626 1.970648 2.229128 2.513504 2.815851 3.110098
2.129056 2.168088 2.196902 2.190281 2.157131 2.143461 2.179528 2.239325 2.265549 2.237827 2.204361 2.170666 2.111346 2.072129 2.091578 2.150261 2.213351 2.277583 2.339175 2.367759 2.352782 2.33883 2.412592 2.58905 2.808128 2.98927 3.09263 3.160842 3.285285 3.518874 3.834021 4.066566 3.921628 3.186097 2.212568 1.182376 0.5306826 0.2297374 0.1308931 0.1262885 0.1542911 0.1789619 0.185322 0.1711351 0.1405832 0.09902812 0.05529103 0.01876645 0.001598872 0.03029105 0.1922535 0.4387902 0.7270826 1.027958 1.320762 1.591967 1.849518 2.117099 2.411034 2.731055 3.049352
2.170802 2.229142 2.29039 2.320553 2.30718 2.288399 2.307693 2.369928 2.427365 2.437294 2.411951 2.38194 2.321854 2.252917 2.236818 2.273507 2.320353 2.366368 2.429149 2.48643 2.502675 2.487153 2.51006 2.615243 2.771729 2.91218 2.991853 3.038539 3.14013 3.360028 3.689539 4.000368 4.054822 3.669758 2.791086 1.348691 0.5546331 0.2264775 0.1259236 0.1299919 0.1743305 0.2169863 0.2370811 0.229969 0.199312 0.1499103 0.09274812 0.04070261 0.006647921 0.001830427 0.115693 0.3417149 0.6106668 0.8971341 1.191179 1.479062 1.759811 2.053547 2.382036 2.749464 3.119954
2.189298 2.261929 2.347101 2.418219 2.436511 2.421611 2.420744 2.468012 2.54826 2.603336 2.60774 2.591749 2.536923 2.451395 2.398813 2.403889 2.431251 2.454802 2.499608 2.564619 2.609018 2.612433 2.615153 2.671741 2.777597 2.884194 2.946185 2.977461 3.058201 3.259794 3.596862 3.989827 4.252118 4.204782 3.603359 1.426583 0.6330508 0.2987545 0.1675176 0.154126 0.2028066 0.2609641 0.2957005 0.297481 0.2680966 0.2111396 0.1395236 0.07039694 0.01975325 0.0002570615 0.05139705 0.2675523 0.511805 0.7802521 1.06997 1.368062 1.671442 2.000023 2.375559 2.80926 3.239491
2.188913 2.274246 2.373159 2.477872 2.538642 2.540788 2.524145 2.543563 2.624552 2.720191 2.769969 2.756782 2.731717 2.65295 2.574282 2.541484 2.543594 2.550575 2.575696 2.630232 2.681676 2.695991 2.688776 2.715196 2.790808 2.885368 2.955815 2.994524 3.067192 3.247205 3.567104 3.980309 4.318616 4.364806 3.81874 2.28034 1.194345 0.5800139 0.2764777 0.1877286 0.2247544 0.2978615 0.3503472 0.3648034 0.3398094 0.2771324 0.1915357 0.1047715 0.03643929 0.0001282622 0.02634965 0.1831674 0.4033204 0.6638942 0.9476754 1.240843 1.547256 1.89547 2.297645 2.782347 3.304091
2.170675 2.274669 2.377363 2.500549 2.602352 2.637479 2.618461 2.608918 2.671266 2.787514 2.89009 2.92987 2.917852 2.844985 2.749651 2.680842 2.652493 2.64877 2.667645 2.71049 2.749836 2.752066 2.72362 2.72256 2.783094 2.891209 3.003867 3.087932 3.17748 3.337199 3.610265 3.975314 4.286405 4.332609 3.870619 2.781427 1.769599 0.8596036 0.3436389 0.1746721 0.210241 0.3086008 0.3869272 0.4206083 0.4054332 0.3413413 0.2447755 0.1422951 0.05812663 0.007783133 0.009882726 0.09397431 0.2833802 0.5423024 0.8154747 1.077199 1.344586 1.665673 2.071091 2.586646 3.173095
