simtools.gaml.extensions.physics/models/Physics Engine/images/DEM/RedRiver.asc
ncols         180
nrows         135
xllcorner     586018.5240265
yllcorner     2325327.5171143
cellsize      40
NODATA_value  -9999
[rows 81 to 107 of 135, columns 0 to 60 of 180]
0.198364 0.2727039 0.3161352 0.3097172 0.247669 0.1462311 0.04093678 0.0009838792 6.851328e-008 2.520544e-006 0.02749679 0.1255429 0.2334872 0.3228368 0.3831037 0.420596 0.4422908 0.4555589 0.4660442 0.4763027 0.4865231 0.4958365 0.5039433 0.510402 0.5119927 0.5057425 0.4897867 0.4611118 0.4227133 0.3871283 0.3684419 0.3696519 0.391985 0.4328702 0.4864171 0.5472118 0.6099133 0.6741564 0.7483191 0.8411605 0.9697868 1.139148 1.347643 1.583026 1.833834 2.083297 2.30959 2.524449 2.735233 2.918182 3.070906 3.239505 3.440814 3.64517 3.817464 3.933571 3.985633 3.981742 3.949716 3.927907 3.913492
0.2410272 0.3254561 0.3776451 0.3787874 0.3230495 0.2251881 0.1153452 0.0325795 0.0007710626 0.003249683 0.05377328 0.1734155 0.2951029 0.3939356 0.4617626 0.5056326 0.5320236 0.547616 0.5575715 0.564822 0.56982 0.5722238 0.5715873 0.5686325 0.5624973 0.5499503 0.5294796 0.4994425 0.4595229 0.4186067 0.389689 0.3845925 0.4050645 0.4459015 0.5020538 0.5673719 0.636919 0.7087765 0.7881791 0.8828368 1.002694 1.158222 1.349496 1.566865 1.799363 2.037144 2.260895 2.46889 2.671399 2.857603 3.014755 3.169803 3.350969 3.543697 3.711619 3.817792 3.848329 3.812981 3.73749 3.655033 3.57518
0.2786189 0.3716786 0.4358827 0.4543326 0.4219022 0.349549 0.2568936 0.162856 0.08719864 0.08965895 0.164748 0.2731009 0.3816411 0.4730981 0.5400311 0.5865782 0.6167449 0.6350618 0.6448877 0.6489598 0.6479419 0.6421646 0.6318929 0.6181914 0.6031514 0.5845535 0.5599207 0.5285156 0.4897587 0.4478321 0.4127293 0.3967457 0.4119164 0.4519494 0.5095371 0.5787603 0.6536893 0.7313902 0.8139182 0.9079595 1.022686 1.166017 1.340406 1.542422 1.75955 1.981779 2.199696 2.403561 2.596276 2.776607 2.934746 3.080639 3.240119 3.410874 3.564103 3.660965 3.680994 3.628258 3.522222 3.39363 3.26579
0.3113022 0.4083836 0.4839869 0.5248988 0.5280424 0.4998069 0.4494334 0.3850769 0.324066 0.3066222 0.3375701 0.3972793 0.4686047 0.5395377 0.6008912 0.649657 0.6851411 0.7083348 0.7199583 0.7218612 0.7152425 0.7008241 0.6804278 0.6556099 0.6304779 0.6056939 0.5781481 0.5461562 0.509845 0.4709091 0.435069 0.4130613 0.4172671 0.4523072 0.5100761 0.5820533 0.6621538 0.7448516 0.8309494 0.9238236 1.031754 1.165165 1.323211 1.507258 1.710663 1.917335 2.123147 2.322406 2.508228 2.678946 2.831792 2.970952 3.112785 3.259121 3.39002 3.472757 3.486912 3.430586 3.314135 3.162185 3.000801
0.3397895 0.4332917 0.5148925 0.576696 0.6192859 0.6444846 0.6484952 0.6255431 0.5797077 0.5313383 0.5005032 0.4955051 0.5190473 0.5661957 0.6244662 0.6801211 0.7257856 0.7578824 0.7743068 0.7759455 0.7650103 0.7427472 0.7123241 0.677136 0.6418973 0.6102536 0.5811627 0.55046 0.5178849 0.4845469 0.4529934 0.4299763 0.4286211 0.4534172 0.5058004 0.5788226 0.6623557 0.7508365 0.8403629 0.9345402 1.036355 1.15892 1.303048 1.466975 1.653837 1.847186 2.036134 2.225633 2.406168 2.568259 2.71126 2.841433 2.96956 3.095021 3.202199 3.265922 3.272465 3.219019 3.107991 2.953765 2.775375
0.364071 0.445196 0.5229477 0.596226 0.6717397 0.7477678 0.805316 0.8201472 0.7791993 0.6888056 0.5870475 0.5112736 0.4887906 0.521158 0.587946 0.6612545 0.7256119 0.7725034 0.7971959 0.8008353 0.7871225 0.7589623 0.7200627 0.6761623 0.633013 0.5950831 0.5644359 0.5381421 0.5118136 0.4859754 0.4624626 0.4448808 0.4422966 0.4622968 0.50625 0.5729915 0.6566556 0.748608 0.8423126 0.9384018 1.038927 1.151091 1.283027 1.428966 1.594576 1.773601 1.946697 2.118833 2.290783 2.446794 2.579542 2.696947 2.811059 2.919892 3.007529 3.051474 3.045202 2.991064 2.888892 2.743934 2.56767
0.3822325 0.4474434 0.5131411 0.5859049 0.6816711 0.7982317 0.9015493 0.9472506 0.9033498 0.7628521 0.5818269 0.4299648 0.3701086 0.4042117 0.4939278 0.5956154 0.6859866 0.7521171 0.7871293 0.7937621 0.7781515 0.7456161 0.701098 0.6509612 0.6031464 0.5618842 0.5305781 0.5091364 0.4925903 0.4770162 0.4633671 0.4545681 0.4565587 0.4754027 0.5147578 0.5747793 0.6524698 0.7432028 0.8387016 0.9361357 1.036579 1.142834 1.263072 1.394967 1.539422 1.699917 1.859129 2.011918 2.167926 2.317261 2.442599 2.546477 2.644502 2.737399 2.809655 2.837594 2.81652 2.754559 2.654557 2.518703 2.353248
0.3891768 0.4421909 0.4929204 0.5555028 0.6583986 0.8039067 0.9455078 1.018761 0.9714615 0.7805287 0.514709 0.276092 0.1902073 0.2418903 0.3626636 0.4967795 0.6149998 0.7008792 0.7458851 0.7547789 0.7372684 0.7010901 0.6536763 0.6012474 0.552298 0.5119416 0.4828694 0.4668654 0.4609628 0.4587107 0.4577264 0.4594432 0.4689238 0.4909403 0.5289304 0.5845698 0.6566554 0.7423568 0.8349879 0.9312036 1.029933 1.132073 1.242471 1.362442 1.489437 1.628917 1.773909 1.909657 2.044704 2.181584 2.30157 2.394609 2.476163 2.552181 2.610702 2.627261 2.594072 2.520681 2.414487 2.280017 2.123955
0.3778717 0.4286509 0.4680556 0.5160457 0.6161888 0.7815186 0.9577538 1.062333 1.022616 0.7974142 0.4590954 0.124663 0.02348028 0.08722486 0.2280483 0.3855292 0.5246976 0.6253805 0.676978 0.6858696 0.6653824 0.6260788 0.5775527 0.5275272 0.4820692 0.4467002 0.4241677 0.415637 0.4202124 0.4319952 0.446211 0.4612425 0.4799338 0.5072476 0.546892 0.6007285 0.668672 0.7492648 0.8371606 0.9288428 1.023517 1.12017 1.221596 1.330165 1.443141 1.562303 1.690464 1.812306 1.926881 2.044413 2.156045 2.242022 2.309731 2.368897 2.413658 2.421829 2.381659 2.298831 2.182068 2.040646 1.886544
0.3416075 0.4027032 0.4399751 0.4753052 0.567912 0.7478337 0.9594151 1.10576 1.095611 0.8737611 0.5231158 0.1791709 0.01510531 0.004104116 0.1267316 0.2834843 0.4278927 0.5333416 0.585489 0.5909809 0.5656819 0.5235371 0.4756837 0.4319212 0.3957218 0.3698106 0.3573947 0.3595841 0.3752801 0.4001447 0.42967 0.4599465 0.4905473 0.5249227 0.5674744 0.6212501 0.6868817 0.76346 0.8465048 0.9331186 1.021526 1.111667 1.203338 1.29984 1.399983 1.501937 1.610465 1.718208 1.816537 1.912561 2.009018 2.088171 2.145912 2.190407 2.221603 2.222793 2.180702 2.094714 1.969718 1.817498 1.658372
0.2764896 0.3568659 0.4037631 0.433987 0.5189934 0.7105478 0.9593328 1.158969 1.200693 1.012515 0.6765485 0.3240031 0.08497339 0.002004614 0.07226402 0.2017364 0.3331263 0.4315635 0.4775445 0.475985 0.4441739 0.3986571 0.3537183 0.319988 0.2982906 0.2874086 0.2882424 0.3030181 0.3312006 0.3685484 0.4114767 0.4561945 0.5000873 0.5440415 0.5914407 0.6459469 0.709752 0.7832325 0.8623692 0.9442853 1.026809 1.109532 1.191694 1.275837 1.362264 1.449232 1.53878 1.629571 1.713619 1.791294 1.868295 1.93596 1.985414 2.018246 2.036295 2.030614 1.990679 1.910333 1.786486 1.628076 1.46199
0.1925895 0.2904626 0.3543877 0.387383 0.4661727 0.665492 0.9489904 1.205654 1.309489 1.165917 0.844164 0.4681216 0.1591487 0.0006454545 0.0334225 0.1316003 0.2418528 0.3273781 0.3640947 0.3541456 0.3152139 0.2658757 0.2241963 0.2045892 0.2004909 0.2075663 0.2241103 0.2517655 0.2919517 0.341335 0.3963116 0.4533009 0.5093328 0.5635309 0.6175494 0.6743801 0.7369078 0.8069993 0.8821542 0.959851 1.037122 1.113129 1.186632 1.259052 1.332172 1.40437 1.47656 1.549418 1.618532 1.680384 1.738241 1.790627 1.830247 1.853278 1.85857 1.843733 1.806024 1.737185 1.625342 1.471578 1.303957
0.1015123 0.2058319 0.2901636 0.3320529 0.4043647 0.603657 0.9127133 1.221932 1.390124 1.296903 0.9924402 0.5939199 0.2266909 0.0002975997 0.01140755 0.07163514 0.1560298 0.2276794 0.2559109 0.2388269 0.1936617 0.1406451 0.1012453 0.09916139 0.1141121 0.1383705 0.1704728 0.2110314 0.2617628 0.3213926 0.3869663 0.4545363 0.520658 0.5839174 0.644889 0.7054061 0.7679652 0.8349848 0.9058294 0.978739 1.051252 1.120785 1.187033 1.249134 1.309884 1.368545 1.424683 1.47993 1.533156 1.580625 1.621143 1.656256 1.683658 1.697285 1.691146 1.664492 1.624476 1.567128 1.474934 1.338515 1.180173
0.0202727 0.1133936 0.2178134 0.2702097 0.3323438 0.5194204 0.8381464 1.18747 1.41585 1.37753 1.100507 0.6964903 0.3024711 0.04591409 0.0007870295 0.02066202 0.08071381 0.1431471 0.1670321 0.1462274 0.09821618 0.04423413 0.007566017 0.02333929 0.05201253 0.0882527 0.1320511 0.1840633 0.2443477 0.312015 0.3856613 0.4619045 0.5364935 0.6071405 0.6739725 0.7382268 0.80176 0.8666262 0.9334067 1.001217 1.068441 1.132061 1.191173 1.244981 1.294427 1.341067 1.3832 1.422218 1.458965 1.492274 1.518019 1.535903 1.548681 1.552107 1.536344 1.497191 1.448382 1.395579 1.322907 1.212397 1.075365
0.0005343207 0.04916468 0.1581798 0.2101369 0.253884 0.4138343 0.7211117 1.09104 1.369435 1.389007 1.150795 0.756092 0.35082 0.07884383 0.005952287 6.434559e-006 0.03518577 0.09491561 0.1188032 0.09690522 0.0503713 0.007164625 2.847181e-008 0.002840973 0.02487586 0.06324074 0.1138753 0.1743958 0.2430215 0.3173562 0.3963181 0.4780184 0.5588225 0.635362 0.7067488 0.7737612 0.8380123 0.9012085 0.9644383 1.027428 1.088897 1.146857 1.198856 1.245478 1.285373 1.321102 1.351454 1.376822 1.398262 1.416471 1.429043 1.432091 1.429225 1.420298 1.396703 1.347813 1.285431 1.225618 1.162699 1.077277 0.9689496
0.006241017 0.05149572 0.1224159 0.15346 0.1740121 0.2977195 0.5758975 0.9474483 1.264211 1.343413 1.154016 0.7758456 0.3522832 0.05617821 0.003100514 1.348715e-005 0.03898143 0.1065581 0.132091 0.1040439 0.04994214 0.006550145 0 0.00189084 0.01981066 0.05964696 0.1165612 0.1845909 0.2597779 0.3393243 0.4218045 0.5059311 0.5895363 0.6696179 0.7442721 0.8132132 0.8775297 0.9386986 0.9983481 1.056611 1.112482 1.164401 1.21 1.249364 1.281752 1.307451 1.327741 1.341709 1.350586 1.354557 1.353259 1.343706 1.326249 1.303308 1.271505 1.217926 1.143564 1.068224 1.00108 0.9300607 0.84716
0.007652605 0.03601893 0.07248576 0.08870538 0.09580982 0.1841084 0.4249539 0.7879683 1.136603 1.280112 1.155114 0.8115511 0.3703698 0.01527317 0.0001266483 0.02281446 0.1099813 0.1996093 0.222346 0.1755701 0.09169209 0.01320481 3.016738e-007 0.003023268 0.02817892 0.076049 0.1406235 0.2158166 0.296121 0.3785776 0.4623677 0.5466778 0.630109 0.7106779 0.7864668 0.8563017 0.9202765 0.9791839 1.035036 1.088326 1.138657 1.184234 1.22376 1.256029 1.281671 1.299134 1.310068 1.31456 1.312616 1.305146 1.290682 1.268743 1.23824 1.200536 1.158528 1.102946 1.022823 0.932203 0.8522165 0.7832717 0.714641
0.001383763 0.006074917 0.01188727 0.02468811 0.03084274 0.08592144 0.2873215 0.643343 1.024375 1.240246 1.205236 0.9457095 0.5653982 0.2372776 0.1895115 0.2272817 0.326271 0.4029004 0.4036512 0.3271773 0.2042604 0.07494418 0.0006663179 0.02070177 0.06343229 0.1216901 0.1925072 0.2715195 0.3539785 0.4365211 0.5185073 0.6001078 0.680757 0.7590658 0.8334165 0.9023755 0.965251 1.02186 1.07404 1.122455 1.167082 1.2066 1.239628 1.265477 1.28405 1.295221 1.297418 1.293855 1.282797 1.265151 1.240221 1.207149 1.164891 1.112764 1.05767 0.9982255 0.9176109 0.818337 0.7257324 0.6520308 0.5859141
1.049655e-010 1.645901e-008 2.701106e-007 0.0002869976 0.0004354155 0.01770683 0.1797272 0.5437741 0.9600888 1.249527 1.321073 1.186153 0.9326301 0.6992649 0.6136112 0.6194603 0.6687829 0.6993658 0.663985 0.5572892 0.4064589 0.2501047 0.1387025 0.1268977 0.157597 0.2109317 0.2786668 0.3549146 0.4338627 0.5121614 0.5889124 0.6645367 0.7394867 0.8130906 0.8838309 0.9501199 1.010805 1.064931 1.113784 1.157895 1.197247 1.231049 1.257744 1.277546 1.289121 1.293959 1.289696 1.277905 1.259973 1.233275 1.198333 1.156548 1.105556 1.04104 0.9711418 0.9030224 0.8210831 0.7193967 0.6201517 0.5425102 0.4736566
0 0 0 0 3.340414e-006 0.006651298 0.1596319 0.5444312 0.976559 1.312797 1.473753 1.457672 1.325252 1.172725 1.083932 1.052602 1.048235 1.029639 0.9599846 0.831632 0.6662756 0.4985144 0.3693844 0.3170984 0.3167398 0.3496469 0.4027586 0.4667113 0.5344068 0.6018884 0.668444 0.7346241 0.8011542 0.8677472 0.9330628 0.9953852 1.053185 1.104912 1.151162 1.192064 1.227538 1.256496 1.278055 1.291926 1.298021 1.2958 1.285851 1.267545 1.242384 1.209962 1.165912 1.11423 1.057191 0.9858913 0.9036953 0.8231328 0.7344287 0.6296368 0.5276471 0.4490355 0.3798229
2.717389e-005 4.054769e-006 1.101678e-005 1.413097e-005 0.005001911 0.08965676 0.3152434 0.6701558 1.063953 1.397382 1.605551 1.675018 1.637417 1.551621 1.473873 1.419101 1.375986 1.32143 1.228935 1.08984 0.9196759 0.7473583 0.6066645 0.5289453 0.5030904 0.5143275 0.5480874 0.5932075 0.6423668 0.6926965 0.7443168 0.7980663 0.8547727 0.9137214 0.9733047 1.031639 1.086934 1.137226 1.182309 1.221777 1.255172 1.28124 1.298935 1.308242 1.309226 1.301677 1.28538 1.261584 1.229563 1.191174 1.142056 1.080364 1.014972 0.9396265 0.8507128 0.759589 0.6619678 0.5503581 0.4428316 0.3611428 0.2936867
0.07166148 0.06395186 0.07491283 0.1026008 0.1615981 0.3373674 0.5807791 0.8749457 1.185807 1.465092 1.67164 1.786623 1.816656 1.787584 1.731119 1.669898 1.606877 1.533246 1.431218 1.291805 1.125809 0.957224 0.8152289 0.7276689 0.6878771 0.6825038 0.6962734 0.7177812 0.7417983 0.768627 0.8007171 0.8398473 0.8866718 0.9390055 0.9943624 1.050454 1.105174 1.156236 1.202635 1.243339 1.27736 1.303006 1.31903 1.325584 1.322612 1.31067 1.288919 1.259711 1.222047 1.176629 1.123228 1.055517 0.9807005 0.8992937 0.8059202 0.7083304 0.6047005 0.4864115 0.3699758 0.2799204 0.212514
0.2772322 0.2606885 0.2986345 0.3866826 0.5227614 0.7108246 0.9113932 1.108047 1.29828 1.479839 1.641366 1.765997 1.841174 1.863378 1.839071 1.789126 1.725015 1.648438 1.548611 1.417262 1.262676 1.106193 0.9741496 0.8909684 0.8490261 0.8333744 0.8276531 0.8212903 0.8134126 0.8104129 0.8188564 0.8421611 0.8806921 0.929454 0.9841065 1.041643 1.099647 1.155482 1.207181 1.252953 1.291175 1.319617 1.336725 1.342753 1.337818 1.32257 1.296452 1.262138 1.219727 1.168124 1.10845 1.037057 0.9557382 0.8672426 0.7679234 0.6641505 0.5579877 0.4376245 0.3135856 0.2118922 0.1408061
0.5740271 0.5563943 0.6209151 0.7593182 0.9398008 1.113188 1.239127 1.31111 1.353708 1.407986 1.495442 1.605959 1.712392 1.785144 1.804837 1.783415 1.735482 1.669723 1.580937 1.463097 1.324583 1.186321 1.073123 1.005182 0.9701263 0.9487476 0.9227232 0.8830263 0.835519 0.7957388 0.7768447 0.7847812 0.8185928 0.8687099 0.9281636 0.9929357 1.060273 1.127128 1.19021 1.246604 1.293831 1.329036 1.350496 1.358754 1.353975 1.337096 1.308236 1.269285 1.222579 1.166381 1.1007 1.023899 0.9381348 0.8451268 0.7407286 0.628436 0.5180699 0.3996373 0.2736571 0.1624034 0.08504938
0.923924 0.909595 0.9908807 1.153313 1.340976 1.471461 1.498284 1.42503 1.30303 1.218295 1.226106 1.320424 1.457706 1.5848 1.658907 1.679982 1.661775 1.616915 1.544537 1.44233 1.321174 1.203458 1.113332 1.06607 1.042097 1.015977 0.9664679 0.8862265 0.7897026 0.7051297 0.6557084 0.6511539 0.6860529 0.7433551 0.8135362 0.8922297 0.9768218 1.063525 1.146577 1.221147 1.283547 1.33023 1.359617 1.372867 1.370718 1.354191 1.323585 1.282138 1.231101 1.17108 1.101089 1.019557 0.9277385 0.8305377 0.7249863 0.6073933 0.4890126 0.3705315 0.2477699 0.133453 0.05037243
1.286856 1.279348 1.369956 1.535738 1.702605 1.765739 1.673336 1.43816 1.139262 0.9154896 0.8602368 0.9587714 1.138554 1.324323 1.456474 1.525553 1.543115 1.52374 1.469712 1.382917 1.277902 1.179514 1.11188 1.085407 1.072531 1.040686 0.9648495 0.8386123 0.6851766 0.5483643 0.4665073 0.4553193 0.4968505 0.563923 0.6470304 0.7432041 0.8515807 0.9672129 1.079374 1.179863 1.26327 1.325466 1.36552 1.385868 1.387908 1.373309 1.342503 1.29916 1.245693 1.181915 1.107833 1.023167 0.9271156 0.8235692 0.7156773 0.5979393 0.47469 0.3530658 0.2337011 0.1227267 0.0402424
1.640558 1.642091 1.738333 1.896562 2.027606 2.010202 1.787702 1.379302 0.8906207 0.5271637 0.4383055 0.5730529 0.8074291 1.049627 1.234239 1.348151 1.400882 1.407518 1.372113 1.300015 1.209289 1.127436 1.079195 1.07121 1.068601 1.031722 0.93098 0.7590628 0.5455656 0.3510541 0.2369179 0.2299897 0.2801261 0.3517029 0.4429545 0.5542244 0.6901895 0.8437715 0.9943842 1.12822 1.237636 1.318256 1.370619 1.399142 1.406354 1.394684 1.364585 1.320785 1.265229 1.199841 1.122171 1.033629 0.935516 0.8276876 0.7149407 0.5964628 0.4726825 0.3495339 0.2318295 0.125937 0.04813584
