simtools.gaml.extensions.physics/models/Physics Engine/images/DEM/RedRiver.asc
ncols         180
nrows         135
xllcorner     586018.5240265
yllcorner     2325327.5171143
cellsize      40
NODATA_value  -9999
[rows 54 to 80 of 135, columns 0 to 60 of 180]
0.6626655 0.6411161 0.6113997 0.5740819 0.5298875 0.4810352 0.4298375 0.3778163 0.327315 0.2817663 0.2415962 0.2056387 0.173323 0.1452442 0.1219645 0.1018933 0.08357446 0.0661893 0.05035968 0.03773953 0.02914447 0.02418211 0.02167758 0.01954534 0.01627804 0.01183554 0.007030314 0.002816201 0.0006301702 7.935395e-012 0 0.004125091 0.02341599 0.02408884 0.01149129 0.07653994 0.2615251 0.4337128 0.5388296 0.7498763 0.9107636 0.8223284 0.7407672 0.913574 1.271024 1.649809 2.111679 2.787887 3.616814 4.384955 4.804954 4.523045 3.364057 1.679124 0.3418725 0.07546254 0.3647568 0.9281435 1.482189 1.810696 1.804044
0.6665228 0.6466853 0.6183106 0.581966 0.5382131 0.4892201 0.4377349 0.3853449 0.334031 0.28735 0.2466057 0.2109303 0.1792773 0.151711 0.1288934 0.1095741 0.09206437 0.074662 0.05700336 0.04088175 0.02845102 0.02046486 0.01639824 0.01445205 0.01217934 0.009010533 0.00541024 0.00214802 0.0003835735 1.454999e-012 0 0.002758487 0.03378158 0.05933586 0.03306679 0.02623284 0.1296519 0.3171144 0.410087 0.5529479 0.8254977 0.9353604 0.8445354 0.8724816 1.13292 1.497846 1.970313 2.648528 3.479071 4.3006 4.92955 5.139114 4.765945 3.636004 1.670429 0.6788244 0.2818609 0.4534542 0.9097896 1.379426 1.649249
0.6628797 0.6450449 0.6184062 0.5835075 0.5407713 0.492099 0.4406221 0.388285 0.3367297 0.2891489 0.2475959 0.2119179 0.180959 0.1541653 0.1319723 0.1135403 0.09733181 0.08099567 0.06289579 0.04431513 0.02832829 0.01704082 0.01080597 0.008527269 0.006998915 0.0051656 0.003026769 0.001069584 6.187754e-006 3.262221e-015 0 4.431189e-005 0.02487344 0.07422858 0.0704401 0.02224874 0.02619489 0.1528294 0.2824379 0.3446796 0.5555637 0.8431861 0.9416293 0.9667382 1.116727 1.38702 1.817875 2.481603 3.288107 4.080154 4.75468 5.217531 5.341839 4.938423 3.868814 2.251177 0.9487772 0.4360059 0.4641474 0.8150642 1.247324
0.6504355 0.6347957 0.6102387 0.5772216 0.5361388 0.4884804 0.4373849 0.3853995 0.3342493 0.2864385 0.2441692 0.2081433 0.1776567 0.1517965 0.1303901 0.11272 0.09773213 0.08306205 0.06605006 0.04688288 0.02869701 0.01470118 0.006385497 0.00359011 0.002474725 0.001644387 0.0009297978 0.0003005086 2.497276e-006 1.362093e-005 1.519653e-005 3.968039e-006 0.003892548 0.03408441 0.04771123 0.02630973 0.004915426 0.02846386 0.1380748 0.2217795 0.3104805 0.5679091 0.8724554 1.092286 1.273122 1.451478 1.767051 2.353599 3.094308 3.797221 4.397956 4.90808 5.254339 5.242974 4.724922 3.786819 2.735995 1.340195 0.5014157 0.3479156 0.6996201
0.6301604 0.6167392 0.5944693 0.563629 0.524624 0.4786848 0.4285132 0.3770537 0.326626 0.2793326 0.2369048 0.2005315 0.1702489 0.1452933 0.1248714 0.1078909 0.09371109 0.08049811 0.06530198 0.04713977 0.02847219 0.01291477 0.003199109 0.0007317722 0.0002212743 2.116877e-010 2.475655e-011 2.960597e-006 5.894612e-005 0.0001063883 8.632713e-005 3.664476e-005 4.931302e-006 2.167383e-006 2.638418e-005 0.006977091 2.666869e-005 0.002432329 0.0420862 0.1550447 0.233777 0.3649859 0.6981533 1.122646 1.481051 1.687658 1.897063 2.36207 2.999316 3.588308 4.070731 4.521365 4.918209 5.0816 4.831781 4.179442 3.635695 2.872185 1.203855 0.2087863 0.2236216
0.6024084 0.5910817 0.5711877 0.5427587 0.5060983 0.4624586 0.4139746 0.3634032 0.3137827 0.2675272 0.2257414 0.1894837 0.1593609 0.1351877 0.115963 0.09986341 0.08623885 0.07395336 0.06057115 0.04442446 0.02691615 0.01122851 0.0007521223 5.803521e-011 0 0 0 1.522383e-005 0.0002483191 0.0003245535 0.0002366904 0.0001040465 2.276231e-005 1.083312e-006 0 3.634763e-006 6.41286e-007 0.007990643 0.05265099 0.1540851 0.2947025 0.4006231 0.6282603 1.095881 1.629993 1.982706 2.174624 2.532306 3.058187 3.541269 3.9162 4.276328 4.637347 4.863669 4.801793 4.453585 4.204404 4.111314 2.581709 0.6226057 0.02042224
0.5676762 0.5581737 0.5405962 0.5147502 0.4806322 0.4396098 0.3935912 0.3446474 0.2960233 0.2509811 0.2105142 0.1751603 0.1455613 0.1221306 0.1042467 0.08945912 0.07661159 0.06495198 0.05300913 0.03923884 0.02423717 0.01047091 0.001222154 0 0 0 4.395971e-012 0.0002784742 0.0006286306 0.0006666273 0.000449538 0.0001870904 3.906484e-005 2.18212e-006 0 0 1.567388e-007 0.01758552 0.143382 0.2809605 0.4373876 0.6170611 0.8097706 1.184612 1.740886 2.226711 2.486936 2.792484 3.228765 3.640219 3.961513 4.258564 4.566051 4.785826 4.834915 4.725334 4.643301 4.727168 4.017813 1.98517 0.3056548
0.5264717 0.5184026 0.5028893 0.4796629 0.4483128 0.4100305 0.3669592 0.3206289 0.2737055 0.2300078 0.1911995 0.1575272 0.1291934 0.1067504 0.09025043 0.07720744 0.06580891 0.0550854 0.0443307 0.03273876 0.02062307 0.009681086 0.002236542 9.733411e-005 2.569714e-015 5.616143e-006 0.0002454726 0.0007521433 0.001099395 0.001026553 0.0006462052 0.0002365102 3.006281e-005 0.0006944056 0.002954572 0.003221678 0.0005400346 0.06944844 0.3384126 0.5814921 0.7039143 0.9042278 1.145198 1.470121 1.923906 2.405536 2.73088 3.02257 3.386215 3.74612 4.073633 4.363641 4.656271 4.845993 4.928953 4.953336 4.975958 5.08161 4.882728 3.720958 1.407588
0.4795702 0.4725022 0.4586355 0.4378 0.4093921 0.3740422 0.3340289 0.291014 0.2469565 0.2052683 0.1683757 0.1368745 0.1106174 0.08975936 0.07469897 0.06352223 0.05420492 0.04522578 0.03592692 0.02618716 0.01646716 0.007934397 0.002043254 1.741811e-010 2.415826e-006 0.0001011545 0.0004799708 0.001038646 0.00135016 0.001195071 0.0007040149 0.0002009346 3.016849e-006 0.01778544 0.07875354 0.1140711 0.1075211 0.3539441 0.675283 0.9210453 1.104748 1.252499 1.475123 1.794132 2.153385 2.530657 2.83408 3.102155 3.383505 3.669094 3.995594 4.336301 4.647451 4.864855 5.00754 5.127166 5.244198 5.362472 5.376709 4.828063 3.069472
0.4287781 0.4223159 0.4097274 0.3908884 0.3653091 0.3331587 0.2963225 0.256781 0.2163874 0.1777692 0.1434036 0.1144222 0.09076912 0.07214597 0.05874657 0.04928492 0.04209471 0.03537186 0.02806186 0.02019065 0.01243341 0.005775617 0.001301998 2.901803e-011 6.32963e-006 0.0001099653 0.0004610715 0.0009735885 0.001260818 0.001102516 0.0006024356 8.811484e-005 0.001809441 0.05458955 0.2117183 0.3680545 0.4957656 0.6981901 0.9400581 1.177676 1.358479 1.556648 1.736427 1.983995 2.250416 2.526047 2.739523 2.944378 3.138981 3.367396 3.698812 4.10461 4.48987 4.789317 5.015366 5.218434 5.419985 5.604404 5.720097 5.501381 4.219741
0.3754123 0.3691441 0.357495 0.3403026 0.3171721 0.2882878 0.2549446 0.2189781 0.1825475 0.1479406 0.1170656 0.09118659 0.07056431 0.05474503 0.043421 0.03557373 0.03014576 0.02558181 0.02054717 0.01475218 0.008827352 0.003682664 0.000279961 0 1.138326e-006 4.774256e-005 0.0002663383 0.0006521302 0.0009137096 0.0008284107 0.0004466249 4.229501e-005 0.001075758 0.06078865 0.2534619 0.3829305 0.4626277 0.6648528 0.9068747 1.153958 1.379728 1.573195 1.746978 1.910207 2.077151 2.254888 2.398307 2.551846 2.697396 2.89978 3.235904 3.698528 4.18076 4.592031 4.915232 5.193874 5.470808 5.742637 5.947679 5.909417 5.076456
0.3208569 0.3144512 0.3033858 0.2875723 0.2665579 0.2406432 0.2110232 0.1789712 0.1466372 0.1165271 0.09004697 0.0680827 0.05097508 0.03837081 0.02958788 0.02349354 0.01946174 0.01651233 0.01349647 0.009813803 0.005797235 0.002228963 1.590788e-005 9.332235e-007 2.609779e-006 2.227305e-006 7.706526e-005 0.0002989232 0.0005073078 0.0005090816 0.0003029122 6.474992e-005 5.40508e-006 0.03372549 0.1625761 0.1434268 0.03818366 0.2906407 0.6119756 0.8840494 1.114422 1.309175 1.451645 1.557795 1.651052 1.757313 1.883554 2.051613 2.221035 2.425309 2.754816 3.234793 3.781843 4.289058 4.69828 5.030111 5.352935 5.691972 5.999237 6.118117 5.638238
0.2666444 0.2599564 0.24916 0.2344113 0.2153448 0.1920769 0.1659722 0.1381926 0.1103546 0.08498677 0.06345334 0.04619959 0.03319499 0.02405279 0.01805511 0.01396887 0.01124792 0.009372085 0.007691684 0.005673734 0.003370617 0.001270747 8.946559e-006 4.68678e-006 2.34816e-005 1.266754e-005 1.220254e-005 0.0001045938 0.000236154 0.0002713073 0.0001825542 5.57578e-005 5.715561e-007 8.44669e-005 0.04930409 0.01685219 2.844128e-005 0.04277105 0.2684393 0.4777012 0.6797127 0.8614662 0.9696727 1.030681 1.086234 1.17636 1.327392 1.539669 1.789419 2.045033 2.382696 2.854312 3.408037 3.949929 4.395082 4.73437 5.049741 5.405957 5.788103 6.071772 5.936806
0.214374 0.2074315 0.196823 0.1829128 0.165636 0.1450022 0.1221548 0.09852684 0.07557858 0.05533283 0.03898484 0.02679799 0.01826258 0.01261528 0.009200667 0.007035733 0.005615755 0.004600319 0.003715893 0.002720236 0.001603233 0.0005904103 4.099345e-006 8.27048e-006 4.938661e-005 5.637119e-005 4.251472e-005 6.938324e-005 0.000136241 0.0001611821 0.0001157759 4.331583e-005 4.555984e-006 0 3.569783e-005 1.206983e-005 0 1.825352e-005 0.002423427 0.08042947 0.2702951 0.4296939 0.4915815 0.5019035 0.5290279 0.6386349 0.8470628 1.116973 1.438179 1.772156 2.142144 2.610861 3.149719 3.678963 4.10454 4.395058 4.643143 4.956202 5.367629 5.792263 5.955417
0.1654251 0.1583056 0.1480009 0.1349565 0.119369 0.1014308 0.08193788 0.06224864 0.04415942 0.02943601 0.01850104 0.01132697 0.007114695 0.004649673 0.003306384 0.002556489 0.002130363 0.001801708 0.001438671 0.001004262 0.0005512069 0.0001822672 1.196088e-006 7.05284e-006 4.413058e-005 6.062698e-005 5.841364e-005 6.996727e-005 0.0001135793 0.0001283849 9.228256e-005 3.774331e-005 5.984904e-006 0 0 0 0 0 0 0.0002077917 0.07401864 0.1552115 0.1605909 0.1218079 0.1133664 0.258941 0.5262163 0.8547743 1.213154 1.594215 1.997 2.474048 3.008005 3.521266 3.908876 4.116142 4.24667 4.457256 4.83855 5.355961 5.782087
0.1317896 0.1246658 0.1147102 0.1024815 0.08827952 0.07242766 0.05563901 0.0390277 0.02453385 0.0141014 0.007319223 0.003566539 0.001998217 0.001259897 0.0009453821 0.0007815359 0.0007293749 0.0006869298 0.0005692872 0.0003735949 0.0001759117 4.512829e-005 2.537932e-007 2.840951e-006 1.799519e-005 2.612801e-005 2.725198e-005 3.487604e-005 8.576851e-005 0.00010817 8.045055e-005 3.414766e-005 6.1226e-006 0 0 0 0 0 6.003564e-007 0.004969694 0.0391219 0.07012569 0.04967873 0.0117107 0.0004572577 0.1517089 0.4375976 0.787661 1.160224 1.537187 1.933172 2.406073 2.943989 3.461809 3.836958 3.987647 4.017261 4.120175 4.436831 4.977052 5.554578
0.09189406 0.08503597 0.07575127 0.06489882 0.05293996 0.04021391 0.02734636 0.01533179 0.006194156 0.001979884 0.0006673939 8.854758e-005 1.066746e-008 1.363882e-006 3.391059e-005 4.652489e-005 6.354762e-005 8.312774e-005 9.007419e-005 5.499542e-005 1.611673e-005 1.527717e-006 0 5.531039e-005 8.742068e-009 1.193909e-008 6.185882e-009 1.061917e-006 2.594758e-005 5.722354e-005 4.805449e-005 2.124988e-005 4.025804e-006 0 0 0 0 5.789322e-006 0.01239119 0.04918213 0.08512284 0.0943583 0.0579723 0.01353766 0.0604245 0.2381082 0.5209987 0.8657734 1.235615 1.591536 1.927767 2.339026 2.860344 3.398994 3.796452 3.915483 3.833457 3.782277 3.971008 4.477876 5.185016
0.05859087 0.05223877 0.04398348 0.03484954 0.02564992 0.01678594 0.008523975 0.001893777 0.0002070341 0.004882512 0.00920298 0.01058831 0.008971193 0.004639272 1.201179e-007 3.194437e-009 5.216106e-010 5.56579e-007 1.928694e-006 1.15957e-006 9.021449e-008 0 1.241553e-008 0.004117124 0.007284346 0.008270483 0.006902718 0.003356623 8.640581e-007 3.326331e-006 2.98933e-006 1.339973e-006 2.531452e-007 0 0 0 0.0004722103 0.03486931 0.09381253 0.1710878 0.2352582 0.2663225 0.2591384 0.2624174 0.3671428 0.5583085 0.7956254 1.095538 1.441325 1.761152 2.044259 2.341407 2.774331 3.30474 3.747309 3.895172 3.765214 3.592286 3.640193 4.058855 4.808549
0.03335154 0.02782548 0.02098593 0.01404689 0.008127422 0.00376534 0.0007997236 0.001322463 0.01181526 0.0255534 0.03464847 0.0370495 0.03315676 0.02462117 0.01538633 0.00933048 0.004549997 0.0007852206 1.440954e-009 0 0 5.030055e-008 0.006227488 0.01808953 0.02721693 0.03051661 0.02774686 0.01966215 0.008884244 0.002825271 0.002525494 0.002587602 0.002598273 0.00221545 0.00165313 0.00223924 0.02833881 0.1038941 0.2159967 0.3439889 0.4596737 0.5474193 0.607842 0.6822623 0.831892 1.026993 1.212155 1.426308 1.708329 2.010556 2.236856 2.44657 2.756304 3.210724 3.668077 3.875576 3.766305 3.538647 3.47633 3.786351 4.506327
0.01609886 0.01183279 0.00691092 0.002907445 0.0006854002 0.001076724 0.005515836 0.01827685 0.03948453 0.05893202 0.07078974 0.07340328 0.0674923 0.055409 0.04117804 0.02837693 0.01730837 0.008026012 0.001813061 7.660945e-008 2.894708e-007 0.003805951 0.0218111 0.04393477 0.05991145 0.06634556 0.06355744 0.05373533 0.04113346 0.03230235 0.0296241 0.0304126 0.03096372 0.0276479 0.0220638 0.0256438 0.065488 0.1672707 0.3190143 0.4975852 0.6745278 0.8333364 0.970517 1.099773 1.268357 1.478616 1.649679 1.792762 1.989484 2.244885 2.46544 2.611539 2.821044 3.179461 3.608526 3.866025 3.814399 3.591237 3.467345 3.680502 4.329861
0.005853381 0.003269689 0.001032876 0.002519003 0.007448256 0.01526943 0.03053807 0.05084237 0.07504805 0.09614111 0.1090271 0.1118463 0.1050104 0.0907305 0.07277928 0.05511146 0.03932486 0.02599703 0.01594443 0.01136597 0.01379397 0.0278893 0.05470502 0.08328156 0.1042511 0.11339 0.111096 0.1007789 0.08749044 0.0771226 0.07312127 0.0754136 0.07879356 0.07561323 0.0661858 0.06515093 0.1024651 0.210092 0.380726 0.5951932 0.8216476 1.045764 1.25469 1.442212 1.618769 1.822788 2.009992 2.131018 2.258842 2.455497 2.661992 2.796121 2.940894 3.214944 3.598077 3.888367 3.909121 3.732965 3.594057 3.734642 4.291049
0.001137202 0.0002848718 3.692201e-005 0.01284899 0.03042165 0.04602678 0.06352064 0.08389994 0.1064859 0.1267833 0.1403161 0.1446965 0.1394664 0.1259702 0.1073978 0.08816907 0.07087464 0.05698548 0.04806128 0.04625256 0.0537672 0.07314724 0.1026679 0.1338154 0.1574189 0.1682134 0.1660307 0.1551849 0.1412334 0.1298198 0.1251661 0.129427 0.1383798 0.1407878 0.1328598 0.1254486 0.1488841 0.2416671 0.4057075 0.6322103 0.8903508 1.152569 1.420943 1.6614 1.867943 2.057171 2.250868 2.390001 2.491461 2.638855 2.828236 2.967727 3.087346 3.297813 3.630699 3.938255 4.035189 3.938474 3.829593 3.928296 4.378865
1.069369e-005 7.121685e-005 0.01333997 0.04151817 0.06473634 0.07927167 0.09131216 0.1054105 0.1228734 0.1413299 0.1565921 0.1654159 0.1658587 0.1576778 0.1428984 0.1261912 0.1109783 0.09959578 0.09420229 0.09648991 0.1080177 0.1299846 0.1600055 0.1912932 0.2155815 0.2269132 0.2240308 0.2117875 0.196859 0.1845241 0.179406 0.1851191 0.2007483 0.213655 0.2149415 0.2082957 0.2165028 0.2835944 0.4194773 0.6294552 0.8936889 1.176879 1.467479 1.756328 1.994098 2.200006 2.38953 2.549766 2.661639 2.785449 2.960316 3.118399 3.239055 3.409434 3.687803 3.992183 4.155628 4.155271 4.116 4.210724 4.552114
0.009310574 0.0345647 0.06381575 0.09123858 0.1046693 0.1048444 0.1018903 0.1038343 0.1136323 0.1303286 0.149946 0.1681083 0.1804396 0.1840168 0.1787845 0.1692988 0.1597156 0.1532639 0.1524799 0.1586939 0.1726018 0.1948753 0.223504 0.2527666 0.2756734 0.2862266 0.2818072 0.2665508 0.2495171 0.235958 0.23035 0.2364391 0.2567221 0.2815585 0.2983392 0.3042011 0.3104604 0.3542621 0.4568044 0.6273836 0.8681985 1.146944 1.439024 1.74072 2.013434 2.23439 2.441587 2.623799 2.756982 2.878492 3.045283 3.226124 3.372758 3.528881 3.757628 4.029377 4.222847 4.301322 4.346464 4.477811 4.720408
0.04601895 0.08966899 0.1267658 0.1462858 0.1410122 0.1179521 0.09355042 0.08067246 0.08252814 0.09775006 0.1242237 0.1566785 0.1869266 0.2080328 0.217004 0.2181159 0.2162115 0.2156484 0.2194659 0.2288951 0.2439848 0.2650084 0.290702 0.3162551 0.3359181 0.344375 0.3378798 0.3186431 0.2974658 0.2818176 0.2752283 0.2813974 0.3035832 0.3370141 0.3697499 0.3933558 0.4113337 0.4452467 0.5232286 0.656838 0.8556958 1.113987 1.394325 1.687331 1.975134 2.219204 2.433686 2.64088 2.804794 2.934037 3.09069 3.28591 3.465643 3.630043 3.82216 4.044562 4.225883 4.333222 4.419206 4.568444 4.739448
0.09757318 0.1527133 0.1917095 0.19971 0.171475 0.119966 0.07000727 0.04299761 0.03919211 0.05163599 0.08603563 0.137501 0.1913033 0.2346969 0.261203 0.275009 0.2816865 0.2868829 0.2944906 0.3059577 0.321031 0.3394755 0.3607798 0.3812256 0.395943 0.4008277 0.3917658 0.3685911 0.3411514 0.3214795 0.3129893 0.3186461 0.3417227 0.3791397 0.4235076 0.464707 0.5000358 0.539528 0.6050114 0.7157027 0.8771303 1.098917 1.360281 1.637108 1.918724 2.175358 2.399853 2.617831 2.810155 2.958875 3.108506 3.30259 3.50601 3.689787 3.864431 4.037101 4.174718 4.256922 4.315445 4.42422 4.549538
0.1501839 0.2148395 0.2545793 0.2519864 0.2020326 0.1213079 0.04324189 0.007084269 0.003459623 0.008283986 0.04734069 0.1213616 0.2026316 0.2705389 0.3154707 0.3422217 0.3571653 0.3671212 0.3770438 0.3888846 0.402483 0.4170828 0.4325519 0.4466986 0.4552363 0.4550881 0.4429434 0.4165221 0.3825325 0.3557367 0.3438684 0.3478992 0.371251 0.4107786 0.4609243 0.5150049 0.5661089 0.619579 0.6848083 0.7828022 0.9236094 1.11199 1.345445 1.602917 1.870556 2.127521 2.354336 2.575701 2.78376 2.952803 3.102126 3.285667 3.496065 3.696167 3.867292 4.003575 4.092454 4.130138 4.144265 4.192094 4.253234
