simtools.gaml.extensions.physics/models/Physics Engine/images/DEM/RedRiver.asc
ncols         180
nrows         135
xllcorner     586018.5240265
yllcorner     2325327.5171143
cellsize      40
NODATA_value  -9999
[rows 0 to 26 of 135, columns 0 to 60 of 180]
0.8352896 0.5400686 0.2823903 0.1329161 0.1570114 0.2372891 0.3158156 0.3448382 0.2794797 0.1769911 0.08112199 0.01688219 0.01911962 0.08655961 0.1583191 0.1773058 0.09379151 0.00558991 8.489038e-007 1.337373e-005 2.67875e-005 1.792299e-005 2.333026e-006 2.816716e-007 0 0.0001633106 0.08689042 0.3883058 1.001636 1.790282 2.636876 3.47706 4.266267 4.771627 4.470437 2.346486 0.3430689 0.09284806 0.1115932 0.09372744 0.0662984 0.03713514 0.01611955 0.004604529 0.0004521154 0 0.0004860612 0.001286538 0.001944356 0.00219417 0.002008323 0.001730213 0.001016237 0.000159148 0.0006458709 0.2649846 1.10287 2.367884 3.867629 5.289972 5.793376
1.674663 1.949226 1.315713 0.6606296 0.585754 0.6558793 0.7225395 0.6615443 0.4959591 0.3244398 0.1752152 0.0611796 0.005324324 0.03004188 0.07779995 0.08827072 0.02457169 9.752047e-006 1.864996e-005 6.815963e-005 8.1656e-005 5.279216e-005 1.759598e-005 2.861123e-006 5.141155e-008 0 0.000317753 0.1519741 0.8059596 1.63146 2.442592 3.251457 4.056599 4.530569 4.205942 2.326504 0.9933413 0.8947897 0.9626217 0.8488883 0.6041467 0.3413663 0.1493472 0.04381765 0.004863064 1.555946e-005 0.005026018 0.01272139 0.01888957 0.02124751 0.0194665 0.01461902 0.008487991 0.002729628 0.0001251487 0.06261026 0.7464 1.98259 3.549115 5.099113 5.880727
2.216679 3.0839 2.506388 1.554931 1.251462 1.168222 1.094114 0.9117146 0.6730594 0.45876 0.2743948 0.1239802 0.02592068 0.004445533 0.02502378 0.03033557 0.007953135 2.674607e-010 5.414014e-005 0.0001095008 0.00011484 7.175874e-005 2.591967e-005 5.271514e-006 2.289649e-007 0 0 0.03323615 0.6268858 1.441335 2.158405 2.936244 3.67994 4.076923 3.784124 2.664757 1.953585 2.126508 2.250954 1.913615 1.326842 0.7321278 0.3118895 0.08927553 0.009993204 3.952203e-005 0.01399239 0.03265358 0.04686524 0.05223162 0.0482225 0.03714754 0.02349338 0.01055081 0.001580717 0.01612286 0.3638857 1.417745 2.910073 4.511095 5.625098
1.79827 2.572006 2.601038 2.211051 1.882741 1.633726 1.370884 1.072794 0.8049778 0.574833 0.3684136 0.1900011 0.05970532 8.009842e-005 0.00278162 0.004064951 0.0007617063 2.811072e-005 8.411649e-005 0.0001077807 9.323633e-005 5.048917e-005 1.607231e-005 3.140178e-006 8.677129e-008 0 0 0.006110116 0.2610542 0.971656 1.663417 2.445879 3.198194 3.653963 3.549274 2.70368 2.510171 3.208401 3.51519 2.878916 1.938197 1.013657 0.3923686 0.09425255 0.007813491 0.00406161 0.03099441 0.06241757 0.08487437 0.09269904 0.08576466 0.06780677 0.04569215 0.02420444 0.007372682 0.0004066226 0.1276674 0.8214256 2.125499 3.740447 5.107646
1.170761 1.799412 2.265783 2.482213 2.283163 1.87351 1.429117 1.146237 0.9296592 0.6946671 0.4571466 0.2460158 0.08573291 5.909292e-006 2.756704e-006 5.560176e-006 1.273972e-005 6.164764e-005 9.959114e-005 7.5757e-005 3.516415e-005 5.286027e-006 4.072361e-007 3.629201e-017 0 0 0 0 0.06977895 0.4474421 1.051802 1.84001 2.653796 3.287041 3.614247 2.677873 2.366707 3.396221 3.961492 3.185404 2.184837 1.054862 0.3315572 0.04609447 0.0005679594 0.02151532 0.06582422 0.1085064 0.1356801 0.1427165 0.1309514 0.1055181 0.07467393 0.04405902 0.01844567 0.003273854 0.003028203 0.2753678 1.35994 2.979948 4.506596
0.3801475 0.937714 1.811259 2.48509 2.586085 2.035819 1.42311 1.302262 1.159724 0.853985 0.5349138 0.2773838 0.09746873 0.002518997 0 0 8.051974e-006 4.332309e-005 6.359333e-005 3.040175e-005 1.063303e-005 2.455769e-005 2.599017e-005 6.074314e-006 6.295672e-016 0 0 0 0.0005616979 0.09584962 0.4984214 1.215747 2.025878 2.692405 3.376175 1.974238 1.269163 1.565208 1.971669 2.457924 2.213938 1.034926 0.2767041 0.04947648 0.04402428 0.09088194 0.1459564 0.1875825 0.2078236 0.2057945 0.1848046 0.1504881 0.1106047 0.07025249 0.03431918 0.00928665 0 0.06864912 0.920948 2.464278 4.00509
0.03074986 0.505089 1.615577 2.694192 3.264511 2.608433 1.614675 1.739226 1.519774 0.9978799 0.5525757 0.2584091 0.08744126 0.00931971 0 0 2.33842e-007 9.002851e-006 1.432671e-005 1.527379e-005 7.836663e-005 0.000138852 0.0001230592 5.469321e-005 9.903649e-006 9.084569e-015 2.248387e-017 0 0 0.0008873509 0.1199816 0.6397129 1.328401 1.810706 2.247455 1.409325 0.7968885 0.9426055 1.272303 2.11763 2.700687 2.010247 0.6954423 0.3405257 0.2699171 0.2779892 0.3000419 0.3113135 0.3056296 0.2833936 0.2478428 0.2029344 0.1535057 0.1027287 0.05458812 0.01671288 7.398682e-005 0.151034 0.9148049 2.230284 3.63645
0.05091023 0.5438025 1.618555 2.874132 3.793442 3.505847 2.706834 2.462655 1.664074 0.9113674 0.418703 0.1627804 0.04865322 0.00748976 0.001683347 0.0005108484 0 0 5.245594e-006 8.45366e-005 0.0002380063 0.0003263844 0.0002797482 0.0001672304 9.210251e-005 5.302321e-005 6.335919e-006 0 0 0 0.002217029 0.1273845 0.3463065 0.5906591 0.9328956 0.4832204 0.5966673 1.410026 2.075552 2.557046 3.241345 3.140376 1.730016 1.029366 0.7314667 0.6011699 0.5335818 0.4803646 0.4287791 0.3758675 0.3213966 0.264691 0.2052254 0.1432684 0.08116307 0.02703225 0.000320769 0.2122068 0.9650421 2.11039 3.328009
0.04283064 0.4738056 1.480636 2.75488 3.854381 4.252461 3.168648 1.837064 1.046751 0.4578537 0.1396873 0.0338461 0.02387569 0.03300665 0.02839312 0.01493777 0.003708407 0.0001376979 1.357674e-005 0.000177777 0.0004071126 0.0005127787 0.0004431444 0.0003344653 0.000295654 0.0002630559 0.0001433179 7.816454e-013 0 0 0 0.000206016 0.004638105 0.02366087 0.05323979 0.06758778 0.6071607 1.50496 2.255773 2.868729 3.337744 3.148036 2.293806 1.651885 1.25005 0.9890732 0.8113054 0.6760216 0.5681216 0.4801539 0.4060386 0.337629 0.2674709 0.1930704 0.1155114 0.04216705 0.0006008922 0.2464825 0.991563 1.998412 3.015503
0.002150503 0.246517 1.1402 2.316303 3.364988 4.08994 3.921283 2.372921 0.9924732 0.2932132 0.04283456 0.05299247 0.1228028 0.1541294 0.120527 0.06574427 0.02146893 0.001112638 1.791424e-005 0.0002297995 0.0005051643 0.0006117341 0.0005434811 0.0005332211 0.000644762 0.0007074147 0.0005527132 0.0002307213 1.798375e-005 0 0.0002235029 0.01010508 0.04380681 0.1031568 0.2027607 0.4439048 0.9787904 1.698561 2.333845 2.973085 3.279689 3.003374 2.445169 2.067243 1.697763 1.353902 1.07821 0.8667282 0.7080542 0.5908297 0.5020868 0.4234082 0.3400228 0.249147 0.1521169 0.05922822 0.001083135 0.2722262 0.9792647 1.830035 2.643641
3.564654e-005 0.1026788 0.7775957 1.799185 2.605772 3.426646 3.955354 3.745925 2.38931 1.006527 0.4534332 0.4088127 0.4617909 0.4250753 0.2951638 0.1563728 0.05510189 0.003106621 1.555894e-005 0.0002125196 0.0004859122 0.0005765507 0.0005480305 0.0007472516 0.001134945 0.001375245 0.001214111 0.0007264205 0.0002565111 3.239725e-005 0.001247778 0.0257486 0.1203726 0.321383 0.5720918 0.8985023 1.344031 1.894776 2.448081 2.917101 3.066842 2.941362 2.690632 2.435566 2.055449 1.632236 1.284675 1.022772 0.8337064 0.70139 0.6064067 0.5184661 0.4143899 0.3000936 0.174872 0.06048874 0.001309003 0.2556733 0.8574271 1.536955 2.158217
0 0.01255983 0.5161434 1.288113 1.914108 2.687117 3.391532 3.922782 3.888249 2.643925 1.495108 1.217362 1.084423 0.8359396 0.5233061 0.2643383 0.09976739 0.0164259 5.125074e-006 0.0001192723 0.0003559723 0.0004235302 0.0004721071 0.0009588905 0.001704114 0.002158479 0.001992582 0.001358063 0.0007071981 0.0002655993 3.673058e-005 0.01116093 0.07288815 0.2952895 0.5897587 0.9543437 1.319777 1.705934 2.074324 2.323895 2.601478 2.80589 2.804979 2.608717 2.219288 1.773779 1.407608 1.135149 0.9422667 0.8090295 0.7103186 0.609254 0.4853847 0.3496903 0.2043568 0.07276478 0.003164097 0.1439294 0.5779094 1.132495 1.655337
0 0.001700228 0.1259421 0.5329246 1.112824 1.824332 2.551402 3.353183 4.021736 4.065297 3.245878 2.40644 1.883418 1.280662 0.7234526 0.3443595 0.141904 0.04530765 1.137287e-006 4.851697e-005 0.0001904909 0.000218842 0.0003485623 0.001126233 0.002229279 0.002880802 0.002698095 0.001977874 0.001318721 0.0008729594 0.0004581002 2.261096e-005 0.005249629 0.05032991 0.2299484 0.5956371 0.8863419 1.170724 1.518731 1.919315 2.427229 2.753086 2.896772 2.655344 2.22272 1.799706 1.464213 1.218169 1.044608 0.9200593 0.8144611 0.7015254 0.5698364 0.4205392 0.2594835 0.1120852 0.02102231 0.02423483 0.2806073 0.7320673 1.199448
0 0 0.0004241641 0.01408343 0.3815184 0.9872687 1.658522 2.319532 3.013295 3.666761 3.736169 3.302203 2.460594 1.531027 0.7724676 0.3528016 0.1735993 0.08446178 1.195421e-005 1.522235e-005 5.596422e-005 5.188504e-005 0.0002128184 0.001162725 0.00251425 0.003301222 0.00309756 0.002412248 0.002036537 0.002002654 0.001863679 0.0013073 0.0005604036 3.057666e-005 0.003686521 0.1533453 0.3197323 0.5083416 0.8646389 1.353864 1.969454 2.589655 3.075705 2.739548 2.197439 1.79002 1.504707 1.303813 1.161327 1.047478 0.9388719 0.8201472 0.6819307 0.5213723 0.3450516 0.1774249 0.05549636 0.004709414 0.1005123 0.4082476 0.8179681
0 0 0 0 0.0265475 0.3225044 0.7026982 0.9580747 1.313151 2.204806 3.0484 3.231267 2.310853 1.257401 0.613682 0.3822642 0.2673944 0.1336523 0.01176039 4.800421e-006 0 0 8.101192e-005 0.000900405 0.002253976 0.003081625 0.002897251 0.002418225 0.002682303 0.003575099 0.00429641 0.004132092 0.002888585 0.001180309 0.0002232051 0.0001190003 0.0004446075 0.04502246 0.3081518 0.7299262 1.333876 2.361378 3.502367 2.90649 2.200888 1.819839 1.584993 1.42617 1.312759 1.206976 1.096781 0.9737012 0.8274915 0.6540197 0.4598939 0.2677816 0.1138875 0.0228767 0.0009647701 0.1915105 0.5320087
0 0 0 0 2.022141e-005 0.001766774 0.01614742 0.02976835 0.1303 0.8577192 2.305691 3.70415 2.840889 0.7175121 0.7719888 0.7784563 0.5590554 0.2974407 0.1037164 0.01835905 0.0002134556 0.0004529212 3.800761e-005 0.0003858949 0.001450487 0.002234292 0.002135606 0.001966195 0.003033126 0.005132121 0.007096017 0.007757345 0.006555441 0.004242961 0.002029379 0.0006079336 0.0001092612 0.0001657302 0.06489629 0.314512 0.7725987 1.775246 3.379946 2.893281 2.239498 1.921911 1.717902 1.579863 1.474335 1.376037 1.271566 1.14645 0.9919393 0.804556 0.591101 0.3733155 0.1858798 0.05589918 0.004522656 0.08453594 0.3306243
0 0 0 0 0 0 0 0 0 0.1600746 1.21708 3.066523 3.677827 1.124665 1.623391 1.469521 0.915597 0.4910743 0.2629879 0.1669682 0.1531143 0.1758501 0.08995542 0.0002812044 0.0004850663 0.001079157 0.001088701 0.001200948 0.002960021 0.006228569 0.009562313 0.01133564 0.01055688 0.00795902 0.004847358 0.002219723 0.0005732917 0 0.02550604 0.1892736 0.6345851 1.569179 2.711265 2.733287 2.290433 2.052956 1.87656 1.744459 1.641191 1.54787 1.448477 1.32209 1.15956 0.9589591 0.727504 0.4864882 0.2687881 0.1034426 0.01213686 0.01685658 0.1849078
0 0 0 0 0 0 0 0 0 0.01400054 0.4194924 2.181325 3.93933 2.30086 2.602914 1.72645 0.9639258 0.5695363 0.4478434 0.4482397 0.4824357 0.4799643 0.2977038 0.07959748 0.0001427766 0.0002032652 0.0002491571 0.0004520675 0.002488759 0.00651297 0.0109945 0.01392137 0.01381451 0.01122736 0.007515981 0.003891038 0.001161982 0 0.01678893 0.150459 0.5627748 1.449034 2.709121 2.915597 2.378961 2.196422 2.033902 1.895089 1.790982 1.70319 1.609049 1.482714 1.313793 1.10224 0.8567591 0.5974532 0.3561198 0.1617329 0.03709643 0.0001349947 0.09076256
0 0 0 1.347727e-021 7.447858e-009 6.594077e-022 0 0 0 0 0.1139397 1.367069 3.478702 3.939784 2.136896 1.186379 0.6613445 0.5645691 0.6677998 0.7932332 0.8527729 0.7920541 0.5484909 0.2591366 0.06452546 0.002099596 1.15486e-006 7.062259e-005 0.00178196 0.005821842 0.01085456 0.01466697 0.01534678 0.01312091 0.009263101 0.005082915 0.0016204 0 0.008738339 0.09992118 0.4111436 1.12302 2.733423 3.50636 2.634539 2.353642 2.13317 1.989403 1.894107 1.818 1.733175 1.61049 1.438898 1.219626 0.9651994 0.6945014 0.4374609 0.221938 0.07100507 0.0003408316 0.03025769
0 0 0 1.975019e-007 4.108336e-007 1.457329e-007 2.535429e-020 0 0 0 0.01919716 0.6440572 2.426345 3.831089 3.324275 1.598129 0.7594753 0.8264245 1.063798 1.232562 1.248235 1.087633 0.7966868 0.4790729 0.2255245 0.06302013 0.003828008 3.089827e-005 0.001020199 0.00430043 0.009058897 0.01320639 0.01458806 0.01303338 0.009599913 0.005520969 0.001906747 6.294123e-005 0.002973603 0.06224557 0.309088 0.9467707 2.19581 3.146558 2.692724 2.2865 2.107045 1.994097 1.924846 1.872908 1.806759 1.693976 1.52457 1.301698 1.041664 0.7664201 0.5017053 0.2727654 0.1007943 0.003380226 0.02316172
0 0 3.234647e-018 1.618765e-006 2.547309e-006 1.522869e-006 3.073237e-007 6.300392e-020 0 0 0 0.1461217 1.404795 3.001659 3.496396 2.55285 1.560036 1.535443 1.676754 1.737218 1.629142 1.365746 1.032578 0.7079462 0.4391383 0.2307705 0.06867757 7.952839e-005 0.0003850966 0.0024758 0.006287345 0.01017544 0.01200484 0.01123476 0.008618381 0.005202734 0.002034638 0.0002917221 0.0001862041 0.03210789 0.2008929 0.660977 1.556447 3.055729 2.97133 2.346868 2.089666 1.948062 1.893908 1.875813 1.839318 1.74219 1.577606 1.352649 1.088892 0.811967 0.5469858 0.3138049 0.1314299 0.01845288 0.01547811
0 2.771471e-020 1.796813e-006 6.16286e-006 7.613048e-006 5.216426e-006 2.134041e-006 4.983117e-007 1.118735e-008 0 0 0.02012046 0.7976001 2.074711 2.839413 2.785485 2.422718 2.436924 2.35868 2.209651 1.938342 1.595333 1.237522 0.9227759 0.6682124 0.4600657 0.2392339 0.05824007 9.466118e-005 0.0008746124 0.003313636 0.006423329 0.008339648 0.008262845 0.006607375 0.004145631 0.001704292 0.0002923861 0 0.0204653 0.1471569 0.5012386 1.208954 2.523228 2.846698 2.476192 2.059639 1.840071 1.807671 1.845468 1.852569 1.77292 1.610085 1.380282 1.110996 0.8342566 0.5739551 0.3456356 0.1631114 0.04065455 0.003339868
0 4.978756e-017 5.624779e-006 1.398095e-005 1.524006e-005 1.057011e-005 5.089548e-006 1.599463e-006 1.994514e-007 0 0 0.02360109 0.4470319 1.297259 2.087394 2.567715 2.881718 3.232732 2.884391 2.523151 2.136206 1.754234 1.395862 1.101264 0.8646417 0.6520529 0.4140741 0.1856915 0.04398627 5.327809e-005 0.0009425348 0.002932717 0.004571154 0.004937266 0.004151273 0.002647529 0.001010813 1.831486e-005 0.0004563124 0.03005615 0.1700455 0.5261714 1.188335 2.104888 2.563084 2.497828 1.887528 1.63793 1.693232 1.826674 1.886839 1.814527 1.639569 1.394165 1.115495 0.8372837 0.5864446 0.3705935 0.1970119 0.07066838 0.004461104
1.089381e-018 2.304258e-006 1.189408e-005 2.103962e-005 2.111419e-005 1.427707e-005 6.867684e-006 2.208999e-006 3.190442e-007 2.293857e-010 0 0.004024046 0.2245485 0.8086117 1.543271 2.216172 2.809037 3.298785 3.189445 2.620271 2.186287 1.81763 1.479005 1.207793 0.9901055 0.7813892 0.5446249 0.3043728 0.1231179 0.02357493 0.0001342698 0.001121278 0.002331952 0.002804787 0.002476318 0.001622378 0.0005920834 5.960353e-012 0.002771465 0.04441874 0.2018721 0.5619029 1.169881 1.926809 2.444144 2.665069 1.694889 1.483041 1.664573 1.883765 1.968419 1.876499 1.670623 1.400432 1.107633 0.8299085 0.5876931 0.3877214 0.2298989 0.1148931 0.03278797
5.598942e-008 5.087162e-006 1.873807e-005 2.774758e-005 2.581893e-005 1.651679e-005 7.336992e-006 2.105943e-006 2.418606e-007 0 0 0 0.00185677 0.2691053 0.8628981 1.617044 2.360992 2.90056 2.885628 2.428759 2.140664 1.854659 1.561522 1.335851 1.156137 0.9655831 0.7344697 0.4834113 0.266908 0.1116601 0.02025915 0.0002815755 0.0004714306 0.0008444394 0.0008669401 0.0005968733 0.0002193122 0 0.00589495 0.05980925 0.2285287 0.5769842 1.121533 1.806318 2.60461 3.926559 1.68255 1.535993 1.858541 2.131034 2.178857 2.006416 1.723157 1.400632 1.085507 0.8083742 0.5836053 0.4092235 0.2822607 0.19599 0.1382025
1.253469e-006 8.967369e-006 2.083125e-005 2.740353e-005 2.353219e-005 1.336075e-005 4.556675e-006 8.488015e-007 1.75707e-008 0 0 0 0 0.01123911 0.3461714 1.051921 1.840973 2.493688 2.733912 2.536207 2.156553 1.833921 1.641242 1.496533 1.355517 1.177985 0.9438958 0.6789607 0.4430658 0.2637031 0.1351953 0.04052274 7.247373e-005 0.0001036615 0.0001574652 0.0001253439 4.260561e-005 0 0.008187582 0.06726319 0.2323301 0.5518289 1.037848 1.661898 2.408007 3.319255 2.394233 2.138407 2.435149 2.620274 2.502514 2.163042 1.760137 1.372773 1.037996 0.7728245 0.5736313 0.4295606 0.3301513 0.2600089 0.1906645
1.82741e-006 8.253789e-006 1.663433e-005 2.032138e-005 1.550837e-005 6.600768e-006 1.001933e-006 1.158232e-018 0 0 0 0 0 0.0002038333 0.1066134 0.6750718 1.456432 2.301878 2.999612 3.268787 2.502728 1.93694 1.931554 1.806506 1.638145 1.429097 1.161976 0.8680125 0.6188329 0.4350501 0.2980497 0.169454 0.02431813 4.504817e-006 1.923061e-006 3.588182e-006 0 0 0.01066175 0.07406905 0.2286968 0.5071355 0.9236785 1.489309 2.265891 3.238272 2.921679 2.568828 3.098357 3.186212 2.808254 2.249892 1.723237 1.290211 0.9600583 0.7265276 0.5661004 0.4587435 0.3875539 0.3332524 0.2733971
