msi.gama.models/models/features_demo/3D/DEM/includes/asc_grid/vulcano_50.asc
ncols         50
nrows         50
xllcorner     855931.82803726
yllcorner     6265857.3473187
cellsize      1
NODATA_value  -9999 
[rows 22 to 43 of 50, columns 0 to 48 of 50]
11.0 10.333333333333334 10.666666666666666 12.333333333333334 14.666666666666666 16.333333333333332 16.0 16.666666666666668 17.666666666666668 17.0 15.333333333333334 15.333333333333334 15.666666666666666 16.5 17.5 18.833333333333332 20.666666666666668 23.0 26.166666666666668 29.333333333333332 33.333333333333336 36.666666666666664 34.666666666666664 31.666666666666668 32.333333333333336 33.666666666666664 36.833333333333336 31.5 28.333333333333332 25.166666666666668 22.833333333333332 20.666666666666668 18.5 17.666666666666668 17.166666666666668 16.333333333333332 15.5 14.5 13.0 10.833333333333334 10.833333333333334 9.666666666666666 8.666666666666666 9.333333333333334 11.166666666666666 13.166666666666666 10.666666666666666 9.833333333333334 12.166666666666666
14.333333333333334 13.166666666666666 13.666666666666666 13.833333333333334 14.666666666666666 17.333333333333332 16.5 16.0 18.0 19.333333333333332 18.5 19.0 19.333333333333332 18.333333333333332 18.166666666666668 18.833333333333332 19.5 21.333333333333332 24.5 27.833333333333332 31.666666666666668 33.666666666666664 32.166666666666664 30.333333333333332 30.833333333333332 34.666666666666664 35.333333333333336 30.5 27.0 24.166666666666668 22.666666666666668 20.833333333333332 18.666666666666668 16.5 14.333333333333334 14.5 16.5 15.166666666666666 11.833333333333334 10.166666666666666 9.833333333333334 9.666666666666666 9.833333333333334 11.666666666666666 13.666666666666666 13.166666666666666 10.166666666666666 9.5 12.0
16.0 14.833333333333334 16.166666666666668 15.0 14.666666666666666 17.166666666666668 17.833333333333332 19.0 19.0 19.666666666666668 20.166666666666668 20.833333333333332 21.0 19.833333333333332 19.5 19.833333333333332 20.666666666666668 21.833333333333332 23.666666666666668 26.0 29.666666666666668 31.0 29.833333333333332 29.333333333333332 31.666666666666668 33.166666666666664 32.166666666666664 29.0 25.833333333333332 23.5 22.5 21.5 18.833333333333332 16.0 14.333333333333334 13.333333333333334 14.0 13.166666666666666 10.833333333333334 9.5 9.333333333333334 11.0 13.166666666666666 14.666666666666666 14.833333333333334 13.333333333333334 10.833333333333334 9.0 11.333333333333334
16.833333333333332 16.666666666666668 18.166666666666668 17.0 16.666666666666668 17.5 17.833333333333332 19.666666666666668 19.166666666666668 19.5 20.0 18.833333333333332 18.0 18.666666666666668 18.833333333333332 19.666666666666668 20.666666666666668 21.666666666666668 22.666666666666668 24.333333333333332 26.333333333333332 28.0 28.0 27.833333333333332 29.666666666666668 29.833333333333332 29.333333333333332 27.333333333333332 24.833333333333332 23.333333333333332 23.0 21.833333333333332 19.5 17.333333333333332 15.166666666666666 12.166666666666666 10.166666666666666 10.833333333333334 9.833333333333334 9.666666666666666 11.0 12.666666666666666 14.833333333333334 16.333333333333332 15.333333333333334 13.666666666666666 11.333333333333334 8.666666666666666 10.666666666666666
18.333333333333332 19.0 20.333333333333332 19.0 18.5 17.5 17.0 18.5 19.666666666666668 17.833333333333332 18.0 17.166666666666668 16.666666666666668 18.0 17.833333333333332 18.833333333333332 19.5 20.666666666666668 21.833333333333332 22.833333333333332 23.833333333333332 25.666666666666668 26.0 26.0 26.666666666666668 26.833333333333332 26.666666666666668 25.0 23.666666666666668 22.833333333333332 22.333333333333332 21.666666666666668 20.0 19.166666666666668 17.0 13.5 10.833333333333334 10.166666666666666 9.666666666666666 10.833333333333334 12.666666666666666 14.166666666666666 15.666666666666666 16.666666666666668 15.833333333333334 14.666666666666666 12.166666666666666 9.166666666666666 10.5
19.5 20.666666666666668 21.833333333333332 20.5 19.833333333333332 18.5 19.166666666666668 19.666666666666668 18.5 16.166666666666668 16.166666666666668 16.0 17.5 18.333333333333332 17.333333333333332 18.0 18.5 20.0 21.0 21.333333333333332 22.166666666666668 23.666666666666668 23.333333333333332 23.666666666666668 24.166666666666668 24.5 24.333333333333332 23.166666666666668 23.0 21.666666666666668 20.833333333333332 20.666666666666668 18.0 18.333333333333332 17.5 14.333333333333334 11.166666666666666 9.5 10.5 11.666666666666666 13.833333333333334 16.0 17.0 17.0 16.166666666666668 15.166666666666666 12.333333333333334 10.0 11.0
20.0 20.333333333333332 21.166666666666668 21.0 19.666666666666668 18.5 21.333333333333332 19.666666666666668 15.833333333333334 15.5 14.666666666666666 16.0 17.5 17.666666666666668 16.666666666666668 17.166666666666668 18.0 19.833333333333332 20.333333333333332 20.333333333333332 20.666666666666668 21.666666666666668 21.5 21.833333333333332 22.0 22.166666666666668 22.166666666666668 22.166666666666668 22.0 19.5 18.5 18.166666666666668 16.333333333333332 16.666666666666668 17.333333333333332 14.5 10.5 10.5 12.833333333333334 13.666666666666666 15.333333333333334 17.333333333333332 17.333333333333332 16.666666666666668 16.5 14.333333333333334 10.5 10.0 12.0
19.166666666666668 18.666666666666668 20.166666666666668 20.5 18.0 17.166666666666668 20.666666666666668 19.166666666666668 15.666666666666666 14.333333333333334 14.166666666666666 16.166666666666668 16.666666666666668 16.166666666666668 16.166666666666668 17.166666666666668 18.166666666666668 18.833333333333332 19.333333333333332 19.166666666666668 19.5 20.0 20.0 20.5 20.833333333333332 20.833333333333332 21.166666666666668 21.833333333333332 21.333333333333332 18.0 15.166666666666666 16.0 15.5 13.833333333333334 15.333333333333334 12.833333333333334 10.166666666666666 11.833333333333334 14.666666666666666 15.666666666666666 17.166666666666668 17.166666666666668 15.166666666666666 14.666666666666666 15.0 13.0 9.5 10.666666666666666 13.333333333333334
16.5 16.333333333333332 17.333333333333332 16.666666666666668 15.5 16.5 19.166666666666668 18.666666666666668 15.0 13.833333333333334 14.666666666666666 15.0 15.5 15.666666666666666 15.833333333333334 16.833333333333332 17.5 17.166666666666668 17.666666666666668 18.0 18.5 19.166666666666668 19.333333333333332 19.5 19.833333333333332 20.0 20.666666666666668 21.833333333333332 21.833333333333332 19.333333333333332 16.166666666666668 15.5 13.666666666666666 12.166666666666666 13.333333333333334 10.833333333333334 10.5 13.0 15.0 16.666666666666668 18.166666666666668 16.666666666666668 13.833333333333334 12.833333333333334 13.166666666666666 12.0 10.833333333333334 11.666666666666666 13.833333333333334
13.5 13.833333333333334 14.833333333333334 13.833333333333334 14.166666666666666 16.0 16.333333333333332 15.666666666666666 13.833333333333334 13.666666666666666 14.166666666666666 14.166666666666666 14.833333333333334 15.333333333333334 15.5 15.833333333333334 16.166666666666668 16.5 17.333333333333332 17.5 18.0 18.666666666666668 19.0 19.166666666666668 19.5 19.333333333333332 19.833333333333332 20.333333333333332 20.833333333333332 20.166666666666668 17.166666666666668 14.666666666666666 12.833333333333334 11.833333333333334 11.833333333333334 11.333333333333334 12.333333333333334 14.333333333333334 15.5 17.333333333333332 18.5 16.833333333333332 14.5 12.166666666666666 11.666666666666666 12.0 11.833333333333334 12.0 13.833333333333334
10.833333333333334 11.166666666666666 13.166666666666666 14.333333333333334 15.0 15.0 14.5 14.333333333333334 13.333333333333334 13.166666666666666 13.666666666666666 14.166666666666666 14.333333333333334 14.5 15.0 15.333333333333334 15.666666666666666 16.333333333333332 17.0 17.333333333333332 17.833333333333332 18.166666666666668 18.5 18.833333333333332 18.833333333333332 18.666666666666668 18.833333333333332 18.0 19.5 20.333333333333332 17.666666666666668 15.166666666666666 14.666666666666666 13.333333333333334 12.0 12.5 14.333333333333334 15.5 15.833333333333334 17.5 18.5 16.666666666666668 14.166666666666666 11.666666666666666 12.0 13.0 12.5 11.833333333333334 13.666666666666666
10.5 10.666666666666666 11.833333333333334 13.666666666666666 14.5 13.5 13.833333333333334 14.0 12.833333333333334 12.833333333333334 13.5 14.0 14.0 14.333333333333334 14.833333333333334 15.333333333333334 15.833333333333334 16.333333333333332 16.666666666666668 17.166666666666668 17.833333333333332 18.0 18.333333333333332 18.333333333333332 18.166666666666668 18.166666666666668 18.0 17.833333333333332 19.833333333333332 20.5 19.0 17.333333333333332 17.333333333333332 16.0 13.833333333333334 13.333333333333334 15.0 16.666666666666668 17.333333333333332 17.833333333333332 18.333333333333332 16.166666666666668 13.333333333333334 13.166666666666666 15.5 16.0 14.0 12.166666666666666 13.166666666666666
10.833333333333334 10.666666666666666 10.833333333333334 11.166666666666666 11.833333333333334 12.0 12.833333333333334 13.333333333333334 12.666666666666666 12.833333333333334 13.5 14.0 14.166666666666666 15.166666666666666 16.333333333333332 16.5 16.5 16.5 16.833333333333332 17.5 17.833333333333332 17.833333333333332 18.166666666666668 18.0 18.0 17.833333333333332 17.666666666666668 17.833333333333332 19.666666666666668 20.833333333333332 21.333333333333332 20.333333333333332 18.666666666666668 17.833333333333332 15.333333333333334 14.0 15.5 18.166666666666668 19.333333333333332 18.166666666666668 17.333333333333332 14.833333333333334 13.166666666666666 15.333333333333334 18.333333333333332 17.666666666666668 15.0 12.5 11.833333333333334
11.666666666666666 10.666666666666666 10.666666666666666 11.0 11.5 11.5 11.833333333333334 12.5 12.833333333333334 12.833333333333334 13.5 14.333333333333334 15.0 16.833333333333332 18.0 17.833333333333332 17.5 17.0 18.333333333333332 18.833333333333332 19.5 19.5 18.833333333333332 18.833333333333332 18.166666666666668 17.833333333333332 17.666666666666668 17.833333333333332 18.5 20.0 20.833333333333332 20.833333333333332 20.0 19.0 16.666666666666668 14.833333333333334 17.166666666666668 19.166666666666668 18.833333333333332 17.0 15.666666666666666 13.666666666666666 13.833333333333334 17.833333333333332 19.833333333333332 17.666666666666668 15.833333333333334 12.833333333333334 11.333333333333334
12.333333333333334 12.166666666666666 11.5 12.333333333333334 12.833333333333334 11.666666666666666 12.166666666666666 12.5 12.833333333333334 13.166666666666666 13.5 14.5 16.166666666666668 18.833333333333332 19.666666666666668 19.666666666666668 19.5 18.666666666666668 18.833333333333332 19.166666666666668 20.833333333333332 21.0 20.5 21.5 18.333333333333332 17.666666666666668 17.666666666666668 17.5 18.166666666666668 19.166666666666668 18.333333333333332 20.5 20.666666666666668 18.666666666666668 17.333333333333332 15.5 17.833333333333332 18.833333333333332 17.333333333333332 15.0 13.5 14.166666666666666 16.166666666666668 19.666666666666668 20.0 17.166666666666668 15.833333333333334 12.666666666666666 11.5
13.833333333333334 15.666666666666666 13.833333333333334 14.833333333333334 14.666666666666666 13.0 12.666666666666666 12.5 13.166666666666666 13.166666666666666 13.5 14.5 15.333333333333334 16.833333333333332 18.0 19.0 20.166666666666668 19.666666666666668 18.666666666666668 19.0 20.0 20.666666666666668 22.0 22.333333333333332 18.333333333333332 17.666666666666668 17.833333333333332 17.666666666666668 17.833333333333332 18.166666666666668 18.0 20.666666666666668 20.166666666666668 18.666666666666668 17.666666666666668 16.0 17.333333333333332 17.0 16.166666666666668 16.0 16.333333333333332 16.833333333333332 18.666666666666668 20.166666666666668 19.0 16.333333333333332 14.166666666666666 12.0 12.166666666666666
16.5 17.666666666666668 15.666666666666666 17.0 16.666666666666668 14.833333333333334 13.333333333333334 12.833333333333334 14.0 13.166666666666666 13.166666666666666 13.833333333333334 14.166666666666666 14.0 14.666666666666666 15.5 16.666666666666668 17.333333333333332 18.0 19.333333333333332 20.0 21.333333333333332 23.0 22.166666666666668 18.833333333333332 18.0 18.833333333333332 18.0 17.666666666666668 17.5 18.166666666666668 20.166666666666668 19.666666666666668 19.333333333333332 18.833333333333332 17.833333333333332 17.666666666666668 17.666666666666668 17.0 18.666666666666668 20.166666666666668 20.333333333333332 20.333333333333332 18.5 16.833333333333332 14.666666666666666 12.833333333333334 12.333333333333334 13.666666666666666
18.833333333333332 18.333333333333332 17.333333333333332 18.833333333333332 17.166666666666668 15.166666666666666 13.666666666666666 13.833333333333334 15.0 13.5 12.833333333333334 12.833333333333334 14.166666666666666 16.166666666666668 16.666666666666668 16.666666666666668 16.5 16.666666666666668 18.0 20.166666666666668 21.833333333333332 23.0 23.166666666666668 21.333333333333332 18.666666666666668 18.333333333333332 20.0 18.333333333333332 17.666666666666668 17.666666666666668 18.166666666666668 19.166666666666668 19.166666666666668 19.833333333333332 19.666666666666668 18.666666666666668 18.333333333333332 20.0 20.166666666666668 21.0 20.833333333333332 20.333333333333332 19.5 16.666666666666668 15.0 13.0 12.0 14.0 16.333333333333332
19.666666666666668 19.0 19.0 19.166666666666668 17.0 15.333333333333334 14.5 15.333333333333334 16.166666666666668 15.333333333333334 14.0 13.166666666666666 14.333333333333334 16.833333333333332 18.666666666666668 19.5 19.5 18.833333333333332 20.0 21.833333333333332 23.333333333333332 24.333333333333332 23.0 20.666666666666668 18.166666666666668 19.333333333333332 21.5 19.166666666666668 17.833333333333332 17.5 18.333333333333332 19.166666666666668 19.333333333333332 20.166666666666668 18.833333333333332 18.5 19.333333333333332 20.166666666666668 20.5 21.0 19.833333333333332 18.5 17.666666666666668 15.666666666666666 13.333333333333334 12.333333333333334 12.833333333333334 16.333333333333332 18.666666666666668
18.833333333333332 19.666666666666668 19.833333333333332 18.333333333333332 16.666666666666668 15.666666666666666 15.666666666666666 16.5 17.166666666666668 17.166666666666668 15.5 14.0 13.333333333333334 13.666666666666666 16.166666666666668 19.166666666666668 20.0 19.833333333333332 21.5 22.833333333333332 24.5 25.5 23.166666666666668 20.5 18.166666666666668 20.666666666666668 22.166666666666668 19.666666666666668 18.333333333333332 17.833333333333332 19.333333333333332 20.833333333333332 21.833333333333332 21.666666666666668 19.166666666666668 18.833333333333332 19.333333333333332 19.166666666666668 19.333333333333332 19.333333333333332 17.833333333333332 16.333333333333332 15.333333333333334 14.0 12.333333333333334 12.666666666666666 14.333333333333334 18.5 21.166666666666668
17.0 19.166666666666668 19.5 17.666666666666668 16.166666666666668 16.0 16.5 17.333333333333332 18.166666666666668 18.833333333333332 18.333333333333332 16.666666666666668 14.833333333333334 13.166666666666666 14.833333333333334 17.833333333333332 19.333333333333332 20.5 22.333333333333332 23.333333333333332 25.0 25.666666666666668 23.833333333333332 21.666666666666668 19.166666666666668 21.833333333333332 21.833333333333332 20.666666666666668 21.333333333333332 19.333333333333332 19.333333333333332 21.666666666666668 23.5 22.666666666666668 20.0 19.166666666666668 18.5 17.333333333333332 17.5 17.5 15.666666666666666 14.166666666666666 13.5 13.0 12.666666666666666 13.333333333333334 15.333333333333334 18.833333333333332 21.5
17.833333333333332 19.0 18.833333333333332 16.833333333333332 16.166666666666668 16.666666666666668 16.5 18.166666666666668 19.666666666666668 20.0 19.833333333333332 19.0 17.0 14.166666666666666 13.5 15.5 17.833333333333332 19.166666666666668 20.333333333333332 21.833333333333332 24.0 25.166666666666668 25.5 24.333333333333332 21.666666666666668 23.0 21.666666666666668 22.666666666666668 23.5 20.5 18.5 22.0 23.666666666666668 22.5 20.333333333333332 19.0 18.166666666666668 16.5 16.0 15.666666666666666 14.166666666666666 12.833333333333334 12.666666666666666 13.5 14.333333333333334 14.833333333333334 16.0 18.5 20.666666666666668
